PMX Bone Weight
-1.657236E-08,10.32273,1.2661,-0.9999999,2.709736E-08,-1.50181E-07,下半身,下半身,,,1,0,0,0,False,0,0,0,0,0,0,0,0,0
-5.556593E-09,10.7421,1.268412,-0.9999999,2.709736E-08,-1.50181E-07,下半身,下半身,,,1,0,0,0,False,0,0,0,0,0,0,0,0,0
-1.456134E-08,10.54558,1.292919,-0.9999999,2.709737E-08,-1.50181E-07,下半身,下半身,,,1,0,0,0,False,0,0,0,0,0,0,0,0,0
-1.657236E-08,10.32273,1.2661,0.9999999,-2.709752E-08,1.50182E-07,下半身,下半身,,,1,0,0,0,False,0,0,0,0,0,0,0,0,0
-1.456134E-08,10.54558,1.292919,0.9999999,-2.709752E-08,1.50182E-07,下半身,下半身,,,1,0,0,0,False,0,0,0,0,0,0,0,0,0
-5.556593E-09,10.7421,1.268412,0.9999999,-2.709752E-08,1.50182E-07,下半身,下半身,,,1,0,0,0,False,0,0,0,0,0,0,0,0,0
0.8443051,10.62502,1.492962,0.2910415,0.04072303,0.9558433,下半身,左足,,,0.72,0.28,0,0,False,0,0,0,0,0,0,0,0,0
0.6843542,10.61085,1.536458,0.1547059,0.009190932,0.9879178,下半身,左足,,,0.79,0.21,0,0,False,0,0,0,0,0,0,0,0,0
0.8507939,10.27133,1.47112,0.2469345,-0.1930488,0.9496081,下半身,左足,,,0.72,0.28,0,0,False,0,0,0,0,0,0,0,0,0
0.5175825,10.2754,1.512089,-0.01216891,-0.1856273,0.9825448,下半身,左足,,,0.8,0.2,0,0,False,0,0,0,0,0,0,0,0,0
0.4707676,10.57473,1.548886,-0.02806044,-0.0232796,0.9993352,下半身,左足,,,0.8,0.2,0,0,False,0,0,0,0,0,0,0,0,0
0.155177,10.09233,1.402469,-0.3391812,-0.3925871,0.8548868,下半身,左足,,,0.93,0.06999999,0,0,False,0,0,0,0,0,0,0,0,0
0.2768069,10.12231,1.455356,-0.1950008,-0.3037111,0.9325953,下半身,左足,,,0.92,0.08000004,0,0,False,0,0,0,0,0,0,0,0,0
0.1735667,10.30451,1.477608,-0.2934142,-0.1865636,0.9376046,下半身,左足,,,0.93,0.06999999,0,0,False,0,0,0,0,0,0,0,0,0
0.3283846,10.54529,1.531803,-0.1590652,-0.02305845,0.9869988,下半身,左足,,,0.86,0.14,0,0,False,0,0,0,0,0,0,0,0,0
0.500905,10.82086,1.532992,-0.01772086,0.1952515,0.9805931,下半身,左足,,,0.75,0.25,0,0,False,0,0,0,0,0,0,0,0,0
0.7612912,10.85145,1.488599,0.2647925,0.2245613,0.9377937,下半身,左足,,,0.68,0.32,0,0,False,0,0,0,0,0,0,0,0,0
1.094842,10.63824,1.409255,0.3871624,0.06683368,0.9195861,下半身,左足,,,0.75,0.25,0,0,False,0,0,0,0,0,0,0,0,0
1.13235,10.842,1.359967,0.3909097,0.225911,0.8922745,下半身,左足,,,0.74,0.26,0,0,False,0,0,0,0,0,0,0,0,0
1.37948,10.87683,1.225494,0.5669219,0.1908587,0.8013566,下半身,左足,,,0.75,0.25,0,0,False,0,0,0,0,0,0,0,0,0
1.368286,10.60248,1.267345,0.550153,0.01474768,0.8349337,下半身,左足,,,0.74,0.26,0,0,False,0,0,0,0,0,0,0,0,0
1.116063,10.36509,1.392387,0.456923,-0.1634382,0.8743622,下半身,左足,,,0.75,0.25,0,0,False,0,0,0,0,0,0,0,0,0
1.308059,10.43489,1.295652,0.5606015,-0.1683394,0.8107945,下半身,左足,,,0.74,0.26,0,0,False,0,0,0,0,0,0,0,0,0
1.032851,10.07518,1.329842,0.4188403,-0.4142484,0.8080664,下半身,左足,,,0.76,0.24,0,0,False,0,0,0,0,0,0,0,0,0
1.339854,10.22711,1.194857,0.5725527,-0.2874394,0.7678294,下半身,左足,,,0.75,0.25,0,0,False,0,0,0,0,0,0,0,0,0
1.472431,10.46586,1.182807,0.6419891,-0.1521202,0.7514715,下半身,左足,,,0.74,0.26,0,0,False,0,0,0,0,0,0,0,0,0
1.582646,10.65016,1.106136,0.7133473,0.05319402,0.6987891,下半身,左足,,,0.72,0.28,0,0,False,0,0,0,0,0,0,0,0,0
1.761176,11.01027,0.8281682,0.8203605,0.2006789,0.5354779,下半身,左足,,,0.7,0.3,0,0,False,0,0,0,0,0,0,0,0,0
1.491292,11.10226,1.06291,0.6108944,0.3141437,0.7267198,下半身,左足,,,0.84,0.16,0,0,False,0,0,0,0,0,0,0,0,0
1.185372,11.16172,1.229569,0.395826,0.3631981,0.8434505,下半身,左足,,,0.83,0.17,0,0,False,0,0,0,0,0,0,0,0,0
1.364146,11.37586,1.00864,0.5018302,0.4601639,0.7324039,下半身,左足,,,0.9,0.1,0,0,False,0,0,0,0,0,0,0,0,0
1.593554,11.35415,0.8369151,0.7076741,0.4020902,0.5809654,下半身,左足,,,0.93,0.06999999,0,0,False,0,0,0,0,0,0,0,0,0
1.823668,11.25374,0.5605962,0.89317,0.3214066,0.3145552,下半身,左足,,,0.67,0.33,0,0,False,0,0,0,0,0,0,0,0,0
1.409106,11.65187,0.7916375,0.5814548,0.5269452,0.6198702,下半身,左足,,,0.95,0.05000001,0,0,False,0,0,0,0,0,0,0,0,0
1.658155,11.57309,0.5306648,0.8165865,0.4528458,0.3579345,下半身,左足,,,0.87,0.13,0,0,False,0,0,0,0,0,0,0,0,0
1.816854,11.49672,0.1306746,0.9359571,0.3511979,0.02537952,下半身,左足,,,0.79,0.21,0,0,False,0,0,0,0,0,0,0,0,0
0.5181662,11.09396,1.447256,-0.0282795,0.3650421,0.9305614,下半身,左足,,,0.88,0.12,0,0,False,0,0,0,0,0,0,0,0,0
0.4079196,11.07716,1.442668,-0.133459,0.3270169,0.9355472,下半身,左足,,,0.9,0.1,0,0,False,0,0,0,0,0,0,0,0,0
0.3118977,11.40382,1.291803,-0.1935569,0.4531673,0.870158,下半身,下半身,,,1,0,0,0,False,0,0,0,0,0,0,0,0,0
0.5324326,11.43703,1.293427,0.06672282,0.5160956,0.8539281,下半身,左足,,,0.94,0.06,0,0,False,0,0,0,0,0,0,0,0,0
0.6475182,11.1097,1.433546,0.1640729,0.3643424,0.9166976,下半身,左足,,,0.86,0.14,0,0,False,0,0,0,0,0,0,0,0,0
0.8637386,11.13764,1.356646,0.2909188,0.3747292,0.8803091,下半身,左足,,,0.83,0.17,0,0,False,0,0,0,0,0,0,0,0,0
-1.657236E-08,10.32273,1.2661,-0.9349458,-0.08073789,0.3454818,下半身,下半身,,,1,0,0,0,False,0,0,0,0,0,0,0,0,0
0.04871629,10.47622,1.436244,-0.814687,-0.04678286,0.5780109,下半身,左足,,,0.95,0.05000001,0,0,False,0,0,0,0,0,0,0,0,0
-1.456134E-08,10.54558,1.292919,-0.9373758,0.007363963,0.3482417,下半身,下半身,,,1,0,0,0,False,0,0,0,0,0,0,0,0,0
0.05320156,10.75857,1.431589,-0.7650113,0.1141693,0.6338162,下半身,左足,,,0.95,0.05000001,0,0,False,0,0,0,0,0,0,0,0,0
-5.556593E-09,10.7421,1.268412,-0.8185049,0.09085889,0.5672691,下半身,下半身,,,1,0,0,0,False,0,0,0,0,0,0,0,0,0
0.03122223,11.01301,1.256058,-0.713208,0.1791284,0.6776778,下半身,下半身,,,1,0,0,0,False,0,0,0,0,0,0,0,0,0
0.09243807,11.04468,1.373421,-0.5899716,0.2970732,0.7507868,下半身,左足,,,0.95,0.05000001,0,0,False,0,0,0,0,0,0,0,0,0
0.1339195,11.38361,1.224136,-0.3921819,0.3930028,0.8317103,下半身,下半身,,,1,0,0,0,False,0,0,0,0,0,0,0,0,0
0.1892367,11.05665,1.402997,-0.3002005,0.3479902,0.8881343,下半身,左足,,,0.94,0.06,0,0,False,0,0,0,0,0,0,0,0,0
0.2793291,11.06609,1.424259,-0.2057111,0.3284736,0.9218395,下半身,下半身,,,1,0,0,0,False,0,0,0,0,0,0,0,0,0
0.2432166,10.79883,1.496394,-0.2477293,0.1841769,0.9511619,下半身,左足,,,0.9,0.1,0,0,False,0,0,0,0,0,0,0,0,0
0.2063452,10.52028,1.503815,-0.2208852,-0.01541531,0.9751779,下半身,左足,,,0.9,0.1,0,0,False,0,0,0,0,0,0,0,0,0
0.1230575,10.50369,1.485296,-0.3956633,-0.03485686,0.9177338,下半身,左足,,,0.94,0.06,0,0,False,0,0,0,0,0,0,0,0,0
0.4061877,9.624332,1.161907,-0.5199773,0.6827164,0.5133439,左足,下半身,,,0.57,0.43,0,0,False,0,0,0,0,0,0,0,0,0
0.4384238,9.634232,1.127354,-0.5658988,-0.5195644,0.6401651,下半身,左足,,,0.5,0.5,0,0,False,0,0,0,0,0,0,0,0,0
0.2825137,9.579565,0.8935634,-0.3163028,-0.4661019,0.8262575,下半身,左足,,,0.58,0.42,0,0,False,0,0,0,0,0,0,0,0,0
0.3475304,9.612314,1.019606,-0.1286077,-0.9351015,0.3302196,下半身,左足,,,0.76,0.24,0,0,False,0,0,0,0,0,0,0,0,0
0.2277637,9.583613,0.8965023,-0.1057724,-0.9940503,0.02600131,下半身,左足,,,0.74,0.26,0,0,False,0,0,0,0,0,0,0,0,0
0.1765413,9.616327,0.9777139,-0.4333417,-0.8734164,0.2221687,下半身,左足,,,0.84,0.16,0,0,False,0,0,0,0,0,0,0,0,0
0.3165545,9.677597,1.189432,-0.197832,-0.8000277,0.566408,下半身,左足,,,0.84,0.16,0,0,False,0,0,0,0,0,0,0,0,0
0.4557045,9.66637,1.197789,0.05386853,-0.8726747,0.4853216,下半身,左足,,,0.6,0.4,0,0,False,0,0,0,0,0,0,0,0,0
0.5061973,9.773028,1.307028,-0.01683025,-0.6311587,0.775471,下半身,左足,,,0.74,0.26,0,0,False,0,0,0,0,0,0,0,0,0
0.3831771,9.79613,1.312156,-0.1613781,-0.5603264,0.8123986,下半身,左足,,,0.84,0.16,0,0,False,0,0,0,0,0,0,0,0,0
0.5352417,9.874941,1.369042,0.04811993,-0.4722565,0.8801467,下半身,左足,,,0.83,0.17,0,0,False,0,0,0,0,0,0,0,0,0
0.4151861,9.985158,1.424348,-0.103808,-0.4083315,0.906912,下半身,左足,,,0.87,0.13,0,0,False,0,0,0,0,0,0,0,0,0
0.2681232,9.794268,1.272838,-0.3762681,-0.5876382,0.7163125,下半身,左足,,,0.88,0.12,0,0,False,0,0,0,0,0,0,0,0,0
0.1937787,9.544525,0.9720683,-0.8805661,0.2099163,0.4248985,左足,下半身,,,0.64,0.36,0,0,False,0,0,0,0,0,0,0,0,0
0.07584693,9.571865,0.5260559,-0.9695374,0.2246534,0.09761182,左足,下半身,,,0.51,0.49,0,0,False,0,0,0,0,0,0,0,0,0
-0.001269098,9.39025,0.5730134,-0.9855624,0.1234028,0.1159241,左足,下半身,,,0.68,0.32,0,0,False,0,0,0,0,0,0,0,0,0
0.08442707,9.566373,0.2115867,-0.9787698,0.1722511,-0.1110821,左足,下半身,,,0.5,0.5,0,0,False,0,0,0,0,0,0,0,0,0
0.03732208,9.423316,0.1076197,-0.9816473,0.09841166,-0.1633517,左足,下半身,,,0.68,0.32,0,0,False,0,0,0,0,0,0,0,0,0
0.1912595,9.635437,-0.1799044,-0.9693053,0.08460328,-0.2308452,下半身,左足,,,0.53,0.47,0,0,False,0,0,0,0,0,0,0,0,0
0.1423979,9.528814,-0.1602615,-0.9653128,0.09921381,-0.2415114,左足,下半身,,,0.7,0.3,0,0,False,0,0,0,0,0,0,0,0,0
1.252248,10.60336,-1.038985,0.1861124,-0.0921119,-0.9782011,左足,下半身,,,0.71,0.29,0,0,False,0,0,0,0,0,0,0,0,0
1.650408,10.97157,-0.7947333,0.7579046,0.0360469,-0.6513688,左足,下半身,,,0.66,0.34,0,0,False,0,0,0,0,0,0,0,0,0
1.687369,10.59651,-0.7703798,0.7956758,-0.03525249,-0.6046962,左足,下半身,,,0.73,0.27,0,0,False,0,0,0,0,0,0,0,0,0
1.857617,10.64538,-0.5333558,0.9019614,0.009190308,-0.4317189,左足,下半身,,,0.74,0.26,0,0,False,0,0,0,0,0,0,0,0,0
1.877042,11.12885,-0.4053639,0.9482379,0.1313353,-0.2891293,左足,下半身,,,0.66,0.34,0,0,False,0,0,0,0,0,0,0,0,0
1.980496,11.14263,0.1637908,0.983148,0.1807615,0.02730219,左足,下半身,,,0.64,0.36,0,0,False,0,0,0,0,0,0,0,0,0
1.998559,10.77077,-0.05276478,0.9871016,0.05707683,-0.1495748,左足,下半身,,,0.71,0.29,0,0,False,0,0,0,0,0,0,0,0,0
1.942963,10.74358,-0.3550781,0.9637537,0.04516139,-0.2629436,左足,下半身,,,0.72,0.28,0,0,False,0,0,0,0,0,0,0,0,0
1.968667,10.35842,-0.3047078,0.9571682,-0.04714723,-0.2856678,左足,下半身,,,0.79,0.21,0,0,False,0,0,0,0,0,0,0,0,0
1.683598,10.27685,-0.758078,0.7035666,-0.08450966,-0.7055865,左足,下半身,,,0.8,0.2,0,0,False,0,0,0,0,0,0,0,0,0
1.212105,10.37775,-1.027101,0.107315,-0.06721158,-0.9919507,左足,下半身,,,0.77,0.23,0,0,False,0,0,0,0,0,0,0,0,0
0.7011415,10.23852,-0.861011,-0.418191,-0.01917332,-0.9081568,左足,下半身,,,0.71,0.29,0,0,False,0,0,0,0,0,0,0,0,0
1.136419,9.890213,-0.9923244,0.06463128,-0.07925846,-0.9947566,左足,下半身,,,0.89,0.11,0,0,False,0,0,0,0,0,0,0,0,0
2.040848,10.33418,0.1270733,0.9990838,-0.04267471,-0.003245845,左足,下半身,,,0.81,0.19,0,0,False,0,0,0,0,0,0,0,0,0
2.034783,10.76701,0.1437543,0.9975057,0.04737745,-0.05232395,左足,下半身,,,0.68,0.32,0,0,False,0,0,0,0,0,0,0,0,0
0.6431511,10.42622,-0.8793299,-0.1945315,-0.3301948,-0.9236497,下半身,左足,,,0.65,0.35,0,0,False,0,0,0,0,0,0,0,0,0
0.3962239,10.04509,-0.6884301,-0.7289366,-0.0538069,-0.6824635,下半身,左足,,,0.55,0.45,0,0,False,0,0,0,0,0,0,0,0,0
0.5986448,10.4382,-0.8833049,-0.4786155,-0.2091493,-0.8527507,下半身,左足,,,0.68,0.32,0,0,False,0,0,0,0,0,0,0,0,0
0.6225879,10.48449,-0.9065982,-0.1256264,-0.2986099,-0.9460709,下半身,左足,,,0.7,0.3,0,0,False,0,0,0,0,0,0,0,0,0
1.220267,10.86864,-1.043509,0.1871789,0.00399198,-0.9823177,下半身,左足,,,0.57,0.43,0,0,False,0,0,0,0,0,0,0,0,0
1.594504,11.13576,-0.8339539,0.7274532,0.1215851,-0.675299,下半身,左足,,,0.6,0.4,0,0,False,0,0,0,0,0,0,0,0,0
1.770826,11.44245,-0.4258409,0.9046714,0.2627267,-0.3354764,下半身,左足,,,0.7,0.3,0,0,False,0,0,0,0,0,0,0,0,0
1.816854,11.49672,0.1306746,0.9359571,0.3511979,0.02537952,下半身,左足,,,0.79,0.21,0,0,False,0,0,0,0,0,0,0,0,0
1.823668,11.25374,0.5605962,0.89317,0.3214066,0.3145552,下半身,左足,,,0.67,0.33,0,0,False,0,0,0,0,0,0,0,0,0
1.905217,11.05767,0.5600663,0.9403848,0.1748782,0.2917089,左足,下半身,,,0.54,0.46,0,0,False,0,0,0,0,0,0,0,0,0
1.761176,11.01027,0.8281682,0.8203605,0.2006789,0.5354779,下半身,左足,,,0.7,0.3,0,0,False,0,0,0,0,0,0,0,0,0
1.927104,10.78053,0.6242965,0.9325534,0.05624351,0.3566241,左足,下半身,,,0.71,0.29,0,0,False,0,0,0,0,0,0,0,0,0
1.784374,10.77627,0.8669016,0.8515961,0.05472898,0.5213338,下半身,左足,,,0.59,0.41,0,0,False,0,0,0,0,0,0,0,0,0
1.793292,10.54416,0.878229,0.8700352,0.001125885,0.4929882,左足,下半身,,,0.53,0.47,0,0,False,0,0,0,0,0,0,0,0,0
1.633226,10.42376,1.039448,0.727167,-0.1448997,0.6709935,下半身,左足,,,0.6,0.4,0,0,False,0,0,0,0,0,0,0,0,0
1.792665,10.41207,0.8839492,0.8692291,-0.1065317,0.4827957,左足,下半身,,,0.6,0.4,0,0,False,0,0,0,0,0,0,0,0,0
1.674621,10.29542,0.9654812,0.7426375,-0.2487411,0.6217858,左足,下半身,,,0.57,0.43,0,0,False,0,0,0,0,0,0,0,0,0
1.693685,10.20374,0.9225324,0.7664554,-0.2073056,0.607923,左足,下半身,,,0.69,0.31,0,0,False,0,0,0,0,0,0,0,0,0
1.517444,10.21636,1.053994,0.6554012,-0.2397123,0.7162313,左足,下半身,,,0.53,0.47,0,0,False,0,0,0,0,0,0,0,0,0
1.354334,10.03154,1.139817,0.4871689,0.02002377,0.8730783,左足,下半身,,,0.58,0.42,0,0,False,0,0,0,0,0,0,0,0,0
1.363661,10.11816,1.148709,0.5485913,-0.182455,0.8159399,下半身,左足,,,0.52,0.48,0,0,False,0,0,0,0,0,0,0,0,0
1.339854,10.22711,1.194857,0.5725527,-0.2874394,0.7678294,下半身,左足,,,0.75,0.25,0,0,False,0,0,0,0,0,0,0,0,0
1.472431,10.46586,1.182807,0.6419891,-0.1521202,0.7514715,下半身,左足,,,0.74,0.26,0,0,False,0,0,0,0,0,0,0,0,0
1.582646,10.65016,1.106136,0.7133473,0.05319402,0.6987891,下半身,左足,,,0.72,0.28,0,0,False,0,0,0,0,0,0,0,0,0
1.186041,9.966476,1.176974,0.3873852,-0.09111014,0.9174048,下半身,左足,,,0.56,0.44,0,0,False,0,0,0,0,0,0,0,0,0
1.01649,9.90754,1.238987,0.1149654,0.1757469,0.9776994,下半身,左足,,,0.55,0.45,0,0,False,0,0,0,0,0,0,0,0,0
1.032851,10.07518,1.329842,0.4188403,-0.4142484,0.8080664,下半身,左足,,,0.76,0.24,0,0,False,0,0,0,0,0,0,0,0,0
0.4151861,9.985158,1.424348,-0.103808,-0.4083315,0.906912,下半身,左足,,,0.87,0.13,0,0,False,0,0,0,0,0,0,0,0,0
0.5352417,9.874941,1.369042,0.04811993,-0.4722565,0.8801467,下半身,左足,,,0.83,0.17,0,0,False,0,0,0,0,0,0,0,0,0
0.7892042,9.959662,1.371738,0.2227794,-0.4092983,0.8847848,下半身,左足,,,0.82,0.18,0,0,False,0,0,0,0,0,0,0,0,0
0.6949288,9.777389,1.282496,0.2442836,-0.5534719,0.7962375,下半身,左足,,,0.67,0.33,0,0,False,0,0,0,0,0,0,0,0,0
0.8409582,9.828435,1.239284,-0.09259304,0.4510833,0.8876656,下半身,左足,,,0.63,0.37,0,0,False,0,0,0,0,0,0,0,0,0
0.8950986,9.85162,1.262705,0.01213699,0.1790905,0.9837578,左足,下半身,,,0.57,0.43,0,0,False,0,0,0,0,0,0,0,0,0
1.269115,9.636529,1.196834,0.5424892,0.006970703,0.8400338,左足,下半身,,,0.75,0.25,0,0,False,0,0,0,0,0,0,0,0,0
1.511727,9.954368,1.018475,0.7201474,-0.1096048,0.685109,左足,下半身,,,0.72,0.28,0,0,False,0,0,0,0,0,0,0,0,0
0.4384238,9.634232,1.127354,-0.5658988,-0.5195644,0.6401651,下半身,左足,,,0.5,0.5,0,0,False,0,0,0,0,0,0,0,0,0
0.4557045,9.66637,1.197789,0.05386853,-0.8726747,0.4853216,下半身,左足,,,0.6,0.4,0,0,False,0,0,0,0,0,0,0,0,0
0.4061877,9.624332,1.161907,-0.5199773,0.6827164,0.5133439,左足,下半身,,,0.57,0.43,0,0,False,0,0,0,0,0,0,0,0,0
0.5061973,9.773028,1.307028,-0.01683025,-0.6311587,0.775471,下半身,左足,,,0.74,0.26,0,0,False,0,0,0,0,0,0,0,0,0
1.829303,10.31499,0.7960019,0.8667352,-0.2624547,0.4241315,左足,下半身,,,0.75,0.25,0,0,False,0,0,0,0,0,0,0,0,0
1.778115,10.17739,0.7562594,0.8734351,-0.2613572,0.4108571,左足,下半身,,,0.83,0.17,0,0,False,0,0,0,0,0,0,0,0,0
1.939316,10.20652,0.5592688,0.934186,-0.1093853,0.3396046,左足,下半身,,,0.9,0.1,0,0,False,0,0,0,0,0,0,0,0,0
1.95007,10.51866,0.6301549,0.9586678,-0.05463834,0.2792325,左足,下半身,,,0.77,0.23,0,0,False,0,0,0,0,0,0,0,0,0
2.020832,10.76512,0.3103656,0.9934465,0.02146272,0.1122644,左足,下半身,,,0.66,0.34,0,0,False,0,0,0,0,0,0,0,0,0
1.990168,10.831,0.4604397,0.9704348,0.08456317,0.2260645,左足,下半身,,,0.66,0.34,0,0,False,0,0,0,0,0,0,0,0,0
0.08056051,10.01121,-0.7054189,0.1528383,-0.7158297,-0.6813428,下半身,左足,,,0.95,0.05000001,0,0,False,0,0,0,0,0,0,0,0,0
0.166279,9.913424,-0.4812558,0.1786779,-0.8832614,-0.4335013,下半身,左足,,,0.89,0.11,0,0,False,0,0,0,0,0,0,0,0,0
0.06987157,9.879058,-0.4439365,0.1489037,-0.9043194,-0.4000427,下半身,左足,,,0.95,0.05000001,0,0,False,0,0,0,0,0,0,0,0,0
0.1492921,9.815472,-0.2649471,0.1096688,-0.9661116,-0.2336689,下半身,左足,,,0.92,0.08000004,0,0,False,0,0,0,0,0,0,0,0,0
0.05892598,9.798903,-0.2215878,0.1731094,-0.9644757,-0.1995491,下半身,左足,,,0.95,0.05000001,0,0,False,0,0,0,0,0,0,0,0,0
0.06455956,9.769172,0.1889896,0.01713473,-0.9953762,-0.09451227,下半身,左足,,,0.98,0.02000004,0,0,False,0,0,0,0,0,0,0,0,0
0.186774,10.07315,-0.7176672,0.3257591,-0.6471126,-0.6892941,下半身,左足,,,0.89,0.11,0,0,False,0,0,0,0,0,0,0,0,0
0.3131475,9.941605,-0.5133587,-0.6108555,-0.4886387,-0.6229669,下半身,左足,,,0.8,0.2,0,0,False,0,0,0,0,0,0,0,0,0
0.2559168,9.855369,-0.2766337,-0.6058029,-0.6917058,-0.3931231,下半身,左足,,,0.83,0.17,0,0,False,0,0,0,0,0,0,0,0,0
0.1941911,9.791317,-0.00739145,-0.6932394,-0.6841727,-0.2265541,下半身,左足,,,0.83,0.17,0,0,False,0,0,0,0,0,0,0,0,0
0.1138334,9.760471,0.1471961,-0.3154366,-0.9387965,-0.1384213,下半身,左足,,,0.92,0.08000004,0,0,False,0,0,0,0,0,0,0,0,0
0.06352185,9.725095,0.6237687,-0.1785157,-0.9836418,-0.02409906,下半身,左足,,,0.96,0.04000002,0,0,False,0,0,0,0,0,0,0,0,0
-2.272223E-08,9.723534,0.6408706,0.101263,-0.9947578,-0.01423493,下半身,下半身,,,1,0,0,0,False,0,0,0,0,0,0,0,0,0
-1.563743E-08,9.754537,0.184817,0.2175129,-0.9735673,-0.06967585,下半身,下半身,,,1,0,0,0,False,0,0,0,0,0,0,0,0,0
-1.924224E-08,9.784414,-0.2215752,0.2117119,-0.9579161,-0.1938421,下半身,下半身,,,1,0,0,0,False,0,0,0,0,0,0,0,0,0
0.4041486,10.23924,-0.6659733,-0.3233591,-0.3807137,-0.8663116,下半身,左足,,,0.78,0.22,0,0,False,0,0,0,0,0,0,0,0,0
0.08542801,9.713586,0.6291655,-0.4926959,-0.8700425,-0.01664073,下半身,左足,,,0.94,0.06,0,0,False,0,0,0,0,0,0,0,0,0
0.6225879,10.48449,-0.9065982,-0.1256264,-0.2986099,-0.9460709,下半身,左足,,,0.7,0.3,0,0,False,0,0,0,0,0,0,0,0,0
0.5986448,10.4382,-0.8833049,-0.4786155,-0.2091493,-0.8527507,下半身,左足,,,0.68,0.32,0,0,False,0,0,0,0,0,0,0,0,0
0.3962239,10.04509,-0.6884301,-0.7289366,-0.0538069,-0.6824635,下半身,左足,,,0.55,0.45,0,0,False,0,0,0,0,0,0,0,0,0
0.2890945,9.776888,-0.4774605,-0.9464008,0.01641651,-0.3225772,下半身,左足,,,0.54,0.46,0,0,False,0,0,0,0,0,0,0,0,0
0.1912595,9.635437,-0.1799044,-0.9693053,0.08460328,-0.2308452,下半身,左足,,,0.53,0.47,0,0,False,0,0,0,0,0,0,0,0,0
0.08442707,9.566373,0.2115867,-0.9787698,0.1722511,-0.1110821,左足,下半身,,,0.5,0.5,0,0,False,0,0,0,0,0,0,0,0,0
0.07584693,9.571865,0.5260559,-0.9695374,0.2246534,0.09761182,左足,下半身,,,0.51,0.49,0,0,False,0,0,0,0,0,0,0,0,0
0.1262391,9.689956,0.4423836,-0.7026767,-0.6994411,-0.1304891,下半身,左足,,,0.79,0.21,0,0,False,0,0,0,0,0,0,0,0,0
0.09533095,9.70463,0.5582126,-0.6757144,-0.7291608,-0.1083261,下半身,左足,,,0.84,0.16,0,0,False,0,0,0,0,0,0,0,0,0
0.1580142,9.619601,0.7164371,-0.5342021,-0.8406082,-0.0894757,下半身,左足,,,0.81,0.19,0,0,False,0,0,0,0,0,0,0,0,0
0.1320909,9.6598,0.675707,-0.7178921,-0.6955048,-0.03006395,下半身,左足,,,0.89,0.11,0,0,False,0,0,0,0,0,0,0,0,0
0.1037357,9.695618,1.029857,-0.6888622,-0.7005414,0.1863078,下半身,左足,,,0.91,0.09000003,0,0,False,0,0,0,0,0,0,0,0,0
0.1765413,9.616327,0.9777139,-0.4333417,-0.8734164,0.2221687,下半身,左足,,,0.84,0.16,0,0,False,0,0,0,0,0,0,0,0,0
0.2277637,9.583613,0.8965023,-0.1057724,-0.9940503,0.02600131,下半身,左足,,,0.74,0.26,0,0,False,0,0,0,0,0,0,0,0,0
0.2825137,9.579565,0.8935634,-0.3163028,-0.4661019,0.8262575,下半身,左足,,,0.58,0.42,0,0,False,0,0,0,0,0,0,0,0,0
0.06480774,9.727597,0.7796317,0.3490242,-0.9353146,0.05803981,下半身,左足,,,0.97,0.03000003,0,0,False,0,0,0,0,0,0,0,0,0
0.06304486,9.733624,0.8166996,0.2485399,-0.9612837,0.1190009,下半身,左足,,,0.95,0.05000001,0,0,False,0,0,0,0,0,0,0,0,0
0.06632053,9.742311,0.9063566,-0.2997704,-0.9368345,0.1802188,下半身,左足,,,0.97,0.03000003,0,0,False,0,0,0,0,0,0,0,0,0
0.05800913,9.73508,0.8745213,0.2597599,-0.9405117,0.2190038,下半身,左足,,,0.9899999,0.01000005,0,0,False,0,0,0,0,0,0,0,0,0
0.04613018,9.748959,0.9248895,-0.1280875,-0.8631011,0.4885181,下半身,左足,,,0.9899999,0.01000005,0,0,False,0,0,0,0,0,0,0,0,0
0.03242667,9.72924,0.8767813,0.116676,-0.9659277,0.2310203,下半身,下半身,,,1,0,0,0,False,0,0,0,0,0,0,0,0,0
5.959587E-08,9.728209,0.8876997,0.03788351,-0.9315435,0.3616509,下半身,下半身,,,1,0,0,0,False,0,0,0,0,0,0,0,0,0
3.132843E-08,9.72132,0.8371252,0.009547617,-0.9985936,-0.05215009,下半身,下半身,,,1,0,0,0,False,0,0,0,0,0,0,0,0,0
0.01915091,9.721123,0.8353544,-0.07835682,-0.995646,-0.05048911,下半身,下半身,,,1,0,0,0,False,0,0,0,0,0,0,0,0,0
0.03156403,9.720273,0.8249096,-0.09417161,-0.9953406,0.02070498,下半身,下半身,,,1,0,0,0,False,0,0,0,0,0,0,0,0,0
-1.564931E-08,10.00811,1.079816,-0.9845527,-0.1156569,0.1314501,下半身,下半身,,,1,0,0,0,False,0,0,0,0,0,0,0,0,0
-1.284959E-08,9.854765,0.9347736,-0.80253,-0.2936564,0.5193375,下半身,下半身,,,1,0,0,0,False,0,0,0,0,0,0,0,0,0
0.02935014,9.793199,1.041783,-0.7907218,-0.532803,0.3014631,下半身,左足,,,0.97,0.03000003,0,0,False,0,0,0,0,0,0,0,0,0
4.230244E-08,9.713249,0.7105528,-0.10535,-0.9811272,-0.1621439,下半身,下半身,,,1,0,0,0,False,0,0,0,0,0,0,0,0,0
-0.03004919,9.715066,0.7178012,-0.138589,-0.9863771,-0.0886185,下半身,下半身,,,1,0,0,0,False,0,0,0,0,0,0,0,0,0
1.643246E-08,9.714943,0.7619829,0.006298399,-0.9740666,0.2261736,下半身,下半身,,,1,0,0,0,False,0,0,0,0,0,0,0,0,0
-0.0183563,9.714972,0.7638878,0.07064451,-0.9692346,0.235783,下半身,下半身,,,1,0,0,0,False,0,0,0,0,0,0,0,0,0
5.959587E-08,9.728209,0.8876997,-0.03788411,-0.9315423,0.3616539,下半身,下半身,,,1,0,0,0,False,0,0,0,0,0,0,0,0,0
3.132843E-08,9.72132,0.8371252,-0.009545681,-0.9985928,-0.05216519,下半身,下半身,,,1,0,0,0,False,0,0,0,0,0,0,0,0,0
-0.03242667,9.72924,0.8767813,-0.116684,-0.9659286,0.2310124,下半身,下半身,,,1,0,0,0,False,0,0,0,0,0,0,0,0,0
-0.01915102,9.721123,0.8353544,0.0783565,-0.9956445,-0.05052022,下半身,下半身,,,1,0,0,0,False,0,0,0,0,0,0,0,0,0
-5.556593E-09,10.7421,1.268412,0.8185037,0.09085887,0.5672709,下半身,下半身,,,1,0,0,0,False,0,0,0,0,0,0,0,0,0
-0.03122223,11.01301,1.256058,0.713208,0.1791284,0.6776778,下半身,下半身,,,1,0,0,0,False,0,0,0,0,0,0,0,0,0
1.652222E-08,11.36197,1.20876,0.202231,0.3179784,0.9262787,下半身,下半身,,,1,0,0,0,False,0,0,0,0,0,0,0,0,0
-0.1339195,11.38361,1.224136,0.3921819,0.3930028,0.8317103,下半身,下半身,,,1,0,0,0,False,0,0,0,0,0,0,0,0,0
1.643246E-08,9.714943,0.7619829,-0.006286112,-0.9740646,0.2261826,下半身,下半身,,,1,0,0,0,False,0,0,0,0,0,0,0,0,0
0.03004919,9.715066,0.7178012,0.138589,-0.986378,-0.08860738,下半身,下半身,,,1,0,0,0,False,0,0,0,0,0,0,0,0,0
0.0183563,9.714972,0.7638878,-0.07063768,-0.9692376,0.2357731,下半身,下半身,,,1,0,0,0,False,0,0,0,0,0,0,0,0,0
0.03102241,9.715863,0.7727675,-0.06386858,-0.9826632,0.1740511,下半身,下半身,,,1,0,0,0,False,0,0,0,0,0,0,0,0,0
0.04833383,9.717241,0.7404466,0.245776,-0.9662262,-0.07746577,下半身,下半身,,,1,0,0,0,False,0,0,0,0,0,0,0,0,0
0.04026156,9.716748,0.7825124,-0.124174,-0.9871068,0.1009993,下半身,下半身,,,1,0,0,0,False,0,0,0,0,0,0,0,0,0
0.05481198,9.71655,0.7641905,0.343892,-0.9389396,0.01143147,下半身,下半身,,,1,0,0,0,False,0,0,0,0,0,0,0,0,0
0.04240125,9.717811,0.7956128,-0.0248574,-0.9952065,0.09458391,下半身,下半身,,,1,0,0,0,False,0,0,0,0,0,0,0,0,0
0.06663415,9.729869,0.7295965,0.1364591,-0.989752,-0.04206871,下半身,左足,,,0.9899999,0.01000005,0,0,False,0,0,0,0,0,0,0,0,0
0.05455352,9.726807,0.7029314,0.2359499,-0.966547,-0.1005717,下半身,左足,,,0.9899999,0.01000005,0,0,False,0,0,0,0,0,0,0,0,0
0.03541569,9.728704,0.6715674,0.09046465,-0.9915411,-0.09307045,下半身,左足,,,0.98,0.02000004,0,0,False,0,0,0,0,0,0,0,0,0
0.06793159,9.726789,0.6859143,-0.1663231,-0.9855673,0.03152053,下半身,左足,,,0.9899999,0.01000005,0,0,False,0,0,0,0,0,0,0,0,0
2.254789E-08,9.72361,0.6707613,0.1385889,-0.9824957,-0.1244797,下半身,下半身,,,1,0,0,0,False,0,0,0,0,0,0,0,0,0
4.230244E-08,9.713249,0.7105528,0.105352,-0.9811301,-0.1621247,下半身,下半身,,,1,0,0,0,False,0,0,0,0,0,0,0,0,0
0.3165545,9.677597,1.189432,-0.197832,-0.8000277,0.566408,下半身,左足,,,0.84,0.16,0,0,False,0,0,0,0,0,0,0,0,0
0.1765413,9.616327,0.9777139,-0.4333417,-0.8734164,0.2221687,下半身,左足,,,0.84,0.16,0,0,False,0,0,0,0,0,0,0,0,0
0.202569,9.655539,1.081548,-0.4452811,-0.7375815,0.5076398,下半身,左足,,,0.88,0.12,0,0,False,0,0,0,0,0,0,0,0,0
0.1037357,9.695618,1.029857,-0.6888622,-0.7005414,0.1863078,下半身,左足,,,0.91,0.09000003,0,0,False,0,0,0,0,0,0,0,0,0
0.1099528,9.730752,1.082917,-0.5788968,-0.6058037,0.5457842,下半身,左足,,,0.93,0.06999999,0,0,False,0,0,0,0,0,0,0,0,0
0.02935014,9.793199,1.041783,-0.7907218,-0.532803,0.3014631,下半身,左足,,,0.97,0.03000003,0,0,False,0,0,0,0,0,0,0,0,0
0.04247921,9.983599,1.23896,-0.7526882,-0.3854287,0.5337651,下半身,左足,,,0.95,0.05000001,0,0,False,0,0,0,0,0,0,0,0,0
0.1567672,9.875828,1.280828,-0.4666763,-0.5163612,0.718042,下半身,左足,,,0.89,0.11,0,0,False,0,0,0,0,0,0,0,0,0
0.2681232,9.794268,1.272838,-0.3762681,-0.5876382,0.7163125,下半身,左足,,,0.88,0.12,0,0,False,0,0,0,0,0,0,0,0,0
0.4151861,9.985158,1.424348,-0.103808,-0.4083315,0.906912,下半身,左足,,,0.87,0.13,0,0,False,0,0,0,0,0,0,0,0,0
0.7892042,9.959662,1.371738,0.2227794,-0.4092983,0.8847848,下半身,左足,,,0.82,0.18,0,0,False,0,0,0,0,0,0,0,0,0
1.652222E-08,11.36197,1.20876,-0.2022301,0.3179785,0.9262789,下半身,下半身,,,1,0,0,0,False,0,0,0,0,0,0,0,0,0
0.03130864,10.12833,1.291606,-0.8654023,-0.187377,0.4647243,下半身,左足,,,0.97,0.03000003,0,0,False,0,0,0,0,0,0,0,0,0
0.01284525,10.12572,1.25652,-0.915882,-0.1463448,0.3738224,下半身,左足,,,0.9899999,0.01000005,0,0,False,0,0,0,0,0,0,0,0,0
-1.657236E-08,10.32273,1.2661,-0.9349458,-0.08073789,0.3454818,下半身,下半身,,,1,0,0,0,False,0,0,0,0,0,0,0,0,0
-1.564931E-08,10.00811,1.079816,-0.9845527,-0.1156569,0.1314501,下半身,下半身,,,1,0,0,0,False,0,0,0,0,0,0,0,0,0
0.008942319,10.01456,1.203163,-0.9224217,-0.2237488,0.3147615,下半身,左足,,,0.97,0.03000003,0,0,False,0,0,0,0,0,0,0,0,0
0.04247921,9.983599,1.23896,-0.7526882,-0.3854287,0.5337651,下半身,左足,,,0.95,0.05000001,0,0,False,0,0,0,0,0,0,0,0,0
-1.564931E-08,10.00811,1.079816,-0.9845527,-0.1156569,0.1314501,下半身,下半身,,,1,0,0,0,False,0,0,0,0,0,0,0,0,0
0.008942319,10.01456,1.203163,-0.9224217,-0.2237488,0.3147615,下半身,左足,,,0.97,0.03000003,0,0,False,0,0,0,0,0,0,0,0,0
0.02935014,9.793199,1.041783,-0.7907218,-0.532803,0.3014631,下半身,左足,,,0.97,0.03000003,0,0,False,0,0,0,0,0,0,0,0,0
0.04247921,9.983599,1.23896,-0.7526882,-0.3854287,0.5337651,下半身,左足,,,0.95,0.05000001,0,0,False,0,0,0,0,0,0,0,0,0
0.05402226,10.2664,1.404325,-0.7318183,-0.1690702,0.6601949,下半身,左足,,,0.94,0.06,0,0,False,0,0,0,0,0,0,0,0,0
0.03130864,10.12833,1.291606,-0.8654023,-0.187377,0.4647243,下半身,左足,,,0.97,0.03000003,0,0,False,0,0,0,0,0,0,0,0,0
-1.657236E-08,10.32273,1.2661,-0.9349458,-0.08073789,0.3454818,下半身,下半身,,,1,0,0,0,False,0,0,0,0,0,0,0,0,0
1.180919,12.7836,-0.134535,0.8909853,0.3582028,0.2789908,下半身,下半身,,,1,0,0,0,False,0,0,0,0,0,0,0,0,0
1.43798,12.29049,-0.01742657,0.8809423,0.4568369,0.1234532,下半身,下半身,,,1,0,0,0,False,0,0,0,0,0,0,0,0,0
1.394919,12.18975,0.2545805,0.69319,0.5491173,0.4668594,下半身,下半身,,,1,0,0,0,False,0,0,0,0,0,0,0,0,0
1.177666,12.60185,0.07432042,0.6911957,0.52384,0.4978352,下半身,下半身,,,1,0,0,0,False,0,0,0,0,0,0,0,0,0
1.12625,12.4066,0.3159389,0.558409,0.5300206,0.6381673,下半身,下半身,,,1,0,0,0,False,0,0,0,0,0,0,0,0,0
0.8276996,12.79894,0.2615153,0.4291573,0.373345,0.8224581,下半身,下半身,,,1,0,0,0,False,0,0,0,0,0,0,0,0,0
0.6864895,12.74646,0.3551494,0.3454037,0.4074736,0.8453766,下半身,下半身,,,1,0,0,0,False,0,0,0,0,0,0,0,0,0
-6.102403E-06,12.60074,0.4506266,-0.04727018,0.3669731,0.9290297,下半身,下半身,,,1,0,0,0,False,0,0,0,0,0,0,0,0,0
0.178131,12.62501,0.4468042,-0.06835204,0.4545628,0.888088,下半身,下半身,,,1,0,0,0,False,0,0,0,0,0,0,0,0,0
0.35346,12.66632,0.4399085,0.04520149,0.4152484,0.9085844,下半身,下半身,,,1,0,0,0,False,0,0,0,0,0,0,0,0,0
0.5347852,12.70767,0.4080724,0.1593348,0.4075826,0.89916,下半身,下半身,,,1,0,0,0,False,0,0,0,0,0,0,0,0,0
0.703253,12.11359,0.7273517,0.2186024,0.5571248,0.8011397,下半身,下半身,,,1,0,0,0,False,0,0,0,0,0,0,0,0,0
0.9401449,12.22747,0.5589572,0.3725669,0.5462851,0.7501775,下半身,下半身,,,1,0,0,0,False,0,0,0,0,0,0,0,0,0
0.1600537,12.00023,0.846065,-0.1609238,0.5298052,0.8327124,下半身,下半身,,,1,0,0,0,False,0,0,0,0,0,0,0,0,0
0.3498078,12.0373,0.8518026,-0.02378353,0.5672135,0.8232273,下半身,下半身,,,1,0,0,0,False,0,0,0,0,0,0,0,0,0
0.5553216,12.05762,0.7962688,0.1416041,0.5679103,0.8108183,下半身,下半身,,,1,0,0,0,False,0,0,0,0,0,0,0,0,0
-1.925389E-08,11.96677,0.8535553,-0.06702301,0.5241071,0.8490109,下半身,下半身,,,1,0,0,0,False,0,0,0,0,0,0,0,0,0
1.652222E-08,11.36197,1.20876,-0.2022301,0.3179785,0.9262789,下半身,下半身,,,1,0,0,0,False,0,0,0,0,0,0,0,0,0
0.1339195,11.38361,1.224136,-0.3921819,0.3930028,0.8317103,下半身,下半身,,,1,0,0,0,False,0,0,0,0,0,0,0,0,0
0.3118977,11.40382,1.291803,-0.1935569,0.4531673,0.870158,下半身,下半身,,,1,0,0,0,False,0,0,0,0,0,0,0,0,0
0.5324326,11.43703,1.293427,0.06672282,0.5160956,0.8539281,下半身,左足,,,0.94,0.06,0,0,False,0,0,0,0,0,0,0,0,0
0.7235627,11.45454,1.239866,0.2268381,0.5172603,0.8252188,下半身,下半身,,,1,0,0,0,False,0,0,0,0,0,0,0,0,0
0.6475182,11.1097,1.433546,0.1640729,0.3643424,0.9166976,下半身,左足,,,0.86,0.14,0,0,False,0,0,0,0,0,0,0,0,0
0.8637386,11.13764,1.356646,0.2909188,0.3747292,0.8803091,下半身,左足,,,0.83,0.17,0,0,False,0,0,0,0,0,0,0,0,0
1.185372,11.16172,1.229569,0.395826,0.3631981,0.8434505,下半身,左足,,,0.83,0.17,0,0,False,0,0,0,0,0,0,0,0,0
1.131408,11.43577,1.116351,0.3730703,0.4940935,0.7852963,下半身,左足,,,0.93,0.06999999,0,0,False,0,0,0,0,0,0,0,0,0
1.032561,11.67976,0.977854,0.3406342,0.5841919,0.7366736,下半身,下半身,,,1,0,0,0,False,0,0,0,0,0,0,0,0,0
1.364146,11.37586,1.00864,0.5018302,0.4601639,0.7324039,下半身,左足,,,0.9,0.1,0,0,False,0,0,0,0,0,0,0,0,0
1.409106,11.65187,0.7916375,0.5814548,0.5269452,0.6198702,下半身,左足,,,0.95,0.05000001,0,0,False,0,0,0,0,0,0,0,0,0
1.276403,12.00742,0.5617524,0.508728,0.5874707,0.6293439,下半身,下半身,,,1,0,0,0,False,0,0,0,0,0,0,0,0,0
1.566219,11.75547,0.486642,0.7698492,0.5020064,0.3941088,下半身,左足,,,0.96,0.04000002,0,0,False,0,0,0,0,0,0,0,0,0
1.658155,11.57309,0.5306648,0.8165865,0.4528458,0.3579345,下半身,左足,,,0.87,0.13,0,0,False,0,0,0,0,0,0,0,0,0
1.636673,11.83718,0.07022678,0.8992181,0.4320856,0.06862001,下半身,左足,,,0.91,0.09000003,0,0,False,0,0,0,0,0,0,0,0,0
1.816854,11.49672,0.1306746,0.9359571,0.3511979,0.02537952,下半身,左足,,,0.79,0.21,0,0,False,0,0,0,0,0,0,0,0,0
1.569145,11.89892,-0.4172571,0.8860459,0.3806396,-0.2646432,下半身,左足,,,0.89,0.11,0,0,False,0,0,0,0,0,0,0,0,0
1.265024,12.23838,-0.7234311,0.8097413,0.2957018,-0.5068327,下半身,左足,,,0.96,0.04000002,0,0,False,0,0,0,0,0,0,0,0,0
1.384931,12.31184,-0.4109404,0.9085627,0.3740774,-0.185957,下半身,下半身,,,1,0,0,0,False,0,0,0,0,0,0,0,0,0
1.43798,12.29049,-0.01742657,0.8809423,0.4568369,0.1234532,下半身,下半身,,,1,0,0,0,False,0,0,0,0,0,0,0,0,0
1.178318,12.80602,-0.4759288,0.9827368,0.162047,-0.089269,下半身,上半身,,,0.95,0.05000001,0,0,False,0,0,0,0,0,0,0,0,0
1.123009,12.77321,-0.7204415,0.9243382,0.1265275,-0.3599857,下半身,上半身,,,0.88,0.12,0,0,False,0,0,0,0,0,0,0,0,0
1.091728,12.10684,-0.9634658,0.75536,0.2025855,-0.6232097,下半身,上半身,,,0.86,0.14,0,0,False,0,0,0,0,0,0,0,0,0
1.026452,12.73634,-0.9330241,0.8397875,0.05350405,-0.5402723,下半身,上半身,,,0.78,0.22,0,0,False,0,0,0,0,0,0,0,0,0
0.9109876,12.68742,-1.077084,0.7059203,0.05788191,-0.7059222,下半身,上半身,,,0.88,0.12,0,0,False,0,0,0,0,0,0,0,0,0
0.9584852,12.01122,-1.116679,0.5894419,0.08590352,-0.8032302,下半身,上半身,,,0.76,0.24,0,0,False,0,0,0,0,0,0,0,0,0
1.403958,11.77057,-0.8032571,0.7272637,0.2571303,-0.6363737,下半身,左足,,,0.86,0.14,0,0,False,0,0,0,0,0,0,0,0,0
1.146543,11.48034,-1.030566,0.3522131,0.03062038,-0.9354187,下半身,左足,,,0.84,0.16,0,0,False,0,0,0,0,0,0,0,0,0
0.7252691,11.9345,-1.18949,0.2291205,-0.09102222,-0.9691329,下半身,上半身,,,0.79,0.21,0,0,False,0,0,0,0,0,0,0,0,0
0.7755051,12.5989,-1.182408,0.4658928,0.009812039,-0.8847867,下半身,上半身,,,0.89,0.11,0,0,False,0,0,0,0,0,0,0,0,0
0.4989434,11.84671,-1.228777,0.2628954,-0.107742,-0.9587896,下半身,上半身,,,0.92,0.08000004,0,0,False,0,0,0,0,0,0,0,0,0
0.8712691,11.03851,-1.006151,0.09171727,-0.1372349,-0.9862832,下半身,左足,,,0.87,0.13,0,0,False,0,0,0,0,0,0,0,0,0
0.4506871,11.04664,-1.135184,0.1966384,-0.215933,-0.9564027,下半身,左足,,,0.93,0.06999999,0,0,False,0,0,0,0,0,0,0,0,0
0.2452287,11.00465,-1.145319,0.1031334,-0.2034785,-0.9736324,下半身,左足,,,0.98,0.02000004,0,0,False,0,0,0,0,0,0,0,0,0
0.2428427,11.79275,-1.274541,0.1301632,-0.1552873,-0.9792566,下半身,下半身,,,1,0,0,0,False,0,0,0,0,0,0,0,0,0
0.5732607,12.43385,-1.263045,0.3446034,-0.04979339,-0.937427,下半身,上半身,,,0.84,0.16,0,0,False,0,0,0,0,0,0,0,0,0
-1.516898E-07,10.45531,-0.9720958,-0.02154187,-0.4564104,-0.8895085,下半身,下半身,,,1,0,0,0,False,0,0,0,0,0,0,0,0,0
-1.255208E-06,10.87111,-1.121598,-0.01626361,-0.2719947,-0.9621612,下半身,下半身,,,1,0,0,0,False,0,0,0,0,0,0,0,0,0
0.1534079,10.49435,-1.00435,0.0613594,-0.4226418,-0.9042173,下半身,左足,,,0.96,0.04000002,0,0,False,0,0,0,0,0,0,0,0,0
0.3752172,10.59614,-1.013587,0.2005362,-0.4565219,-0.8668177,下半身,左足,,,0.89,0.11,0,0,False,0,0,0,0,0,0,0,0,0
0.6225879,10.48449,-0.9065982,-0.1256264,-0.2986099,-0.9460709,下半身,左足,,,0.7,0.3,0,0,False,0,0,0,0,0,0,0,0,0
1.220267,10.86864,-1.043509,0.1871789,0.00399198,-0.9823177,下半身,左足,,,0.57,0.43,0,0,False,0,0,0,0,0,0,0,0,0
1.770826,11.44245,-0.4258409,0.9046714,0.2627267,-0.3354764,下半身,左足,,,0.7,0.3,0,0,False,0,0,0,0,0,0,0,0,0
1.594504,11.13576,-0.8339539,0.7274532,0.1215851,-0.675299,下半身,左足,,,0.6,0.4,0,0,False,0,0,0,0,0,0,0,0,0
-1.657236E-08,10.32273,1.2661,0.934945,-0.08073779,0.3454839,下半身,下半身,,,1,0,0,0,False,0,0,0,0,0,0,0,0,0
-0.04872615,10.47621,1.436244,0.8146857,-0.04678294,0.5780126,下半身,右足,,,0.95,0.05000001,0,0,False,0,0,0,0,0,0,0,0,0
-1.456134E-08,10.54558,1.292919,0.9373753,0.007364019,0.3482429,下半身,下半身,,,1,0,0,0,False,0,0,0,0,0,0,0,0,0
-0.123065,10.50369,1.485296,0.3956623,-0.03485687,0.9177343,下半身,右足,,,0.94,0.06,0,0,False,0,0,0,0,0,0,0,0,0
-0.05320912,10.75858,1.431591,0.7650109,0.1141695,0.633817,下半身,右足,,,0.95,0.05000001,0,0,False,0,0,0,0,0,0,0,0,0
-5.556593E-09,10.7421,1.268412,0.8185037,0.09085887,0.5672709,下半身,下半身,,,1,0,0,0,False,0,0,0,0,0,0,0,0,0
-0.03122223,11.01301,1.256058,0.713208,0.1791284,0.6776778,下半身,下半身,,,1,0,0,0,False,0,0,0,0,0,0,0,0,0
-2.034871,10.76701,0.1437543,-0.9975057,0.04737757,-0.05232342,右足,下半身,,,0.68,0.32,0,0,False,0,0,0,0,0,0,0,0,0
-2.040953,10.33418,0.1270733,-0.9990838,-0.0426749,-0.003245862,右足,下半身,,,0.81,0.19,0,0,False,0,0,0,0,0,0,0,0,0
-1.998654,10.77078,-0.05276483,-0.9871016,0.05707674,-0.1495748,右足,下半身,,,0.71,0.29,0,0,False,0,0,0,0,0,0,0,0,0
-1.96877,10.35842,-0.3047078,-0.957168,-0.04714755,-0.2856681,右足,下半身,,,0.79,0.21,0,0,False,0,0,0,0,0,0,0,0,0
-1.943056,10.74358,-0.3550781,-0.9637537,0.04516103,-0.2629436,右足,下半身,,,0.72,0.28,0,0,False,0,0,0,0,0,0,0,0,0
-1.674688,10.29542,0.965483,-0.7426326,-0.2487421,0.6217911,右足,下半身,,,0.57,0.43,0,0,False,0,0,0,0,0,0,0,0,0
-1.829396,10.31499,0.7960027,-0.8667331,-0.2624559,0.4241351,右足,下半身,,,0.75,0.25,0,0,False,0,0,0,0,0,0,0,0,0
-1.693769,10.20374,0.9225339,-0.7664508,-0.2073054,0.607929,右足,下半身,,,0.69,0.31,0,0,False,0,0,0,0,0,0,0,0,0
-1.778223,10.17739,0.7562594,-0.8734353,-0.2613564,0.4108571,右足,下半身,,,0.83,0.17,0,0,False,0,0,0,0,0,0,0,0,0
-1.939433,10.20652,0.5592688,-0.9341863,-0.1093853,0.3396034,右足,下半身,,,0.9,0.1,0,0,False,0,0,0,0,0,0,0,0,0
-1.952306,10.51865,0.6299388,-0.958895,-0.0545259,0.2784731,右足,下半身,,,0.79,0.21,0,0,False,0,0,0,0,0,0,0,0,0
-2.020917,10.76512,0.3103656,-0.9934465,0.02146245,0.1122644,右足,下半身,,,0.66,0.34,0,0,False,0,0,0,0,0,0,0,0,0
-1.980575,11.14263,0.1637908,-0.9831478,0.1807622,0.02730242,右足,下半身,,,0.64,0.36,0,0,False,0,0,0,0,0,0,0,0,0
-1.877125,11.12885,-0.4053635,-0.9482374,0.1313358,-0.2891307,右足,下半身,,,0.66,0.34,0,0,False,0,0,0,0,0,0,0,0,0
-1.927191,10.78053,0.624297,-0.9325526,0.05624401,0.3566264,右足,下半身,,,0.71,0.29,0,0,False,0,0,0,0,0,0,0,0,0
-1.90528,11.05767,0.5600671,-0.9403839,0.1748796,0.291711,右足,下半身,,,0.54,0.46,0,0,False,0,0,0,0,0,0,0,0,0
-1.990254,10.831,0.4604398,-0.9704349,0.08456291,0.2260646,右足,下半身,,,0.66,0.34,0,0,False,0,0,0,0,0,0,0,0,0
-1.792735,10.41207,0.8839509,-0.8692261,-0.1065317,0.4828011,右足,下半身,,,0.6,0.4,0,0,False,0,0,0,0,0,0,0,0,0
-1.79335,10.54416,0.8782313,-0.8700316,0.00112603,0.4929948,右足,下半身,,,0.53,0.47,0,0,False,0,0,0,0,0,0,0,0,0
-1.816875,11.49672,0.1306746,-0.9359562,0.3512003,0.02537986,下半身,右足,,,0.79,0.21,0,0,False,0,0,0,0,0,0,0,0,0
-1.823701,11.25374,0.5605972,-0.8931676,0.3214098,0.3145591,下半身,右足,,,0.67,0.33,0,0,False,0,0,0,0,0,0,0,0,0
-1.761204,11.01027,0.82817,-0.8203564,0.2006809,0.5354835,下半身,右足,,,0.7,0.3,0,0,False,0,0,0,0,0,0,0,0,0
-1.784416,10.77627,0.8669035,-0.8515919,0.05472912,0.5213405,下半身,右足,,,0.59,0.41,0,0,False,0,0,0,0,0,0,0,0,0
-1.633269,10.42376,1.03945,-0.7271608,-0.1449006,0.671,下半身,右足,,,0.6,0.4,0,0,False,0,0,0,0,0,0,0,0,0
-1.582677,10.65016,1.106138,-0.7133438,0.05319367,0.6987927,下半身,右足,,,0.72,0.28,0,0,False,0,0,0,0,0,0,0,0,0
-1.472461,10.46586,1.182809,-0.6419854,-0.1521216,0.7514743,下半身,右足,,,0.74,0.26,0,0,False,0,0,0,0,0,0,0,0,0
-0.3962915,10.04509,-0.6884329,0.7289303,-0.05380746,-0.68247,下半身,右足,,,0.55,0.45,0,0,False,0,0,0,0,0,0,0,0,0
-0.5986955,10.4382,-0.8833096,0.4785972,-0.2091482,-0.8527612,下半身,右足,,,0.68,0.32,0,0,False,0,0,0,0,0,0,0,0,0
-0.6432065,10.42622,-0.8793353,0.1945272,-0.330195,-0.9236506,下半身,右足,,,0.65,0.35,0,0,False,0,0,0,0,0,0,0,0,0
-0.6226329,10.48448,-0.9066012,0.1256206,-0.298609,-0.9460719,下半身,右足,,,0.7,0.3,0,0,False,0,0,0,0,0,0,0,0,0
-1.252338,10.60336,-1.038988,-0.1861105,-0.09211314,-0.9782014,右足,下半身,,,0.71,0.29,0,0,False,0,0,0,0,0,0,0,0,0
-1.22032,10.86864,-1.043514,-0.1871754,0.003991802,-0.9823184,下半身,右足,,,0.57,0.43,0,0,False,0,0,0,0,0,0,0,0,0
-1.650488,10.97157,-0.7947352,-0.7579011,0.03604698,-0.6513728,右足,下半身,,,0.66,0.34,0,0,False,0,0,0,0,0,0,0,0,0
-1.594551,11.13576,-0.8339558,-0.7274496,0.1215855,-0.6753029,下半身,右足,,,0.6,0.4,0,0,False,0,0,0,0,0,0,0,0,0
-1.770861,11.44245,-0.4258415,-0.9046701,0.2627287,-0.335478,下半身,右足,,,0.7,0.3,0,0,False,0,0,0,0,0,0,0,0,0
-1.857713,10.64538,-0.5333558,-0.9019608,0.009190172,-0.4317202,右足,下半身,,,0.74,0.26,0,0,False,0,0,0,0,0,0,0,0,0
-1.687464,10.59651,-0.77038,-0.7956755,-0.03525254,-0.6046965,右足,下半身,,,0.73,0.27,0,0,False,0,0,0,0,0,0,0,0,0
-1.683701,10.27685,-0.758078,-0.7035666,-0.08450985,-0.7055865,右足,下半身,,,0.8,0.2,0,0,False,0,0,0,0,0,0,0,0,0
-1.212206,10.37775,-1.027101,-0.1073163,-0.06721187,-0.9919505,右足,下半身,,,0.77,0.23,0,0,False,0,0,0,0,0,0,0,0,0
-0.7012427,10.23852,-0.8610165,0.4181814,-0.01917385,-0.9081611,右足,下半身,,,0.71,0.29,0,0,False,0,0,0,0,0,0,0,0,0
-1.136535,9.890213,-0.9923244,-0.06463186,-0.07925846,-0.9947566,右足,下半身,,,0.89,0.11,0,0,False,0,0,0,0,0,0,0,0,0
-0.0631026,9.733614,0.8167042,-0.2485088,-0.9612914,0.1190044,下半身,右足,,,0.95,0.05000001,0,0,False,0,0,0,0,0,0,0,0,0
-0.0663553,9.742301,0.9063595,0.2997606,-0.9368373,0.1802209,下半身,右足,,,0.97,0.03000003,0,0,False,0,0,0,0,0,0,0,0,0
-0.05804778,9.73509,0.8745265,-0.2597397,-0.9405175,0.2190026,下半身,右足,,,0.9899999,0.01000005,0,0,False,0,0,0,0,0,0,0,0,0
-0.03242667,9.72924,0.8767813,-0.116684,-0.9659286,0.2310124,下半身,下半身,,,1,0,0,0,False,0,0,0,0,0,0,0,0,0
-0.04614928,9.74896,0.9248918,0.1280853,-0.8630983,0.4885237,下半身,右足,,,0.9899999,0.01000005,0,0,False,0,0,0,0,0,0,0,0,0
-0.02935869,9.793199,1.041784,0.7907202,-0.5328046,0.3014642,下半身,右足,,,0.97,0.03000003,0,0,False,0,0,0,0,0,0,0,0,0
-0.1037553,9.695608,1.029857,0.6888587,-0.7005445,0.1863089,下半身,右足,,,0.91,0.09000003,0,0,False,0,0,0,0,0,0,0,0,0
-0.08546416,9.713587,0.6291675,0.4926853,-0.8700485,-0.0166395,下半身,右足,,,0.94,0.06,0,0,False,0,0,0,0,0,0,0,0,0
-0.06487629,9.727596,0.7796381,-0.3490035,-0.9353219,0.05804751,下半身,右足,,,0.97,0.03000003,0,0,False,0,0,0,0,0,0,0,0,0
-0.06668264,9.72988,0.7296013,-0.1364528,-0.9897527,-0.04207425,下半身,右足,,,0.9899999,0.01000005,0,0,False,0,0,0,0,0,0,0,0,0
-0.06796294,9.726789,0.6859168,0.1663182,-0.9855683,0.03151215,下半身,右足,,,0.9899999,0.01000005,0,0,False,0,0,0,0,0,0,0,0,0
-0.05455862,9.726806,0.7029317,-0.235948,-0.9665453,-0.100592,下半身,右足,,,0.9899999,0.01000005,0,0,False,0,0,0,0,0,0,0,0,0
5.959587E-08,9.728209,0.8876997,-0.03788411,-0.9315423,0.3616539,下半身,下半身,,,1,0,0,0,False,0,0,0,0,0,0,0,0,0
0.0005731213,9.754695,0.9240237,0.0776048,-0.4977645,0.8638332,下半身,右足,,,0.9899999,0.01000005,0,0,False,0,0,0,0,0,0,0,0,0
-1.284959E-08,9.854765,0.9347736,0.8025292,-0.2936564,0.5193386,下半身,下半身,,,1,0,0,0,False,0,0,0,0,0,0,0,0,0
-1.564931E-08,10.00811,1.079816,0.9845526,-0.1156568,0.1314511,下半身,下半身,,,1,0,0,0,False,0,0,0,0,0,0,0,0,0
-0.05481198,9.71655,0.7641905,-0.3438919,-0.9389394,0.0114477,下半身,下半身,,,1,0,0,0,False,0,0,0,0,0,0,0,0,0
-0.04833394,9.717242,0.7404466,-0.2457761,-0.9662265,-0.07746181,下半身,下半身,,,1,0,0,0,False,0,0,0,0,0,0,0,0,0
-0.03004919,9.715066,0.7178012,-0.138589,-0.9863771,-0.0886185,下半身,下半身,,,1,0,0,0,False,0,0,0,0,0,0,0,0,0
-0.03542323,9.728724,0.6715692,-0.09046365,-0.99154,-0.09308372,下半身,右足,,,0.98,0.02000004,0,0,False,0,0,0,0,0,0,0,0,0
4.230244E-08,9.713249,0.7105528,-0.10535,-0.9811272,-0.1621439,下半身,下半身,,,1,0,0,0,False,0,0,0,0,0,0,0,0,0
2.254789E-08,9.72361,0.6707613,-0.138588,-0.9824961,-0.1244777,下半身,下半身,,,1,0,0,0,False,0,0,0,0,0,0,0,0,0
-2.272223E-08,9.723534,0.6408706,-0.101263,-0.9947577,-0.01423733,下半身,下半身,,,1,0,0,0,False,0,0,0,0,0,0,0,0,0
-0.06354772,9.725104,0.6237708,0.1785119,-0.9836424,-0.02410346,下半身,右足,,,0.96,0.04000002,0,0,False,0,0,0,0,0,0,0,0,0
-0.06458015,9.769161,0.1889891,-0.01713451,-0.995376,-0.09451377,下半身,右足,,,0.98,0.02000004,0,0,False,0,0,0,0,0,0,0,0,0
-0.1138788,9.760471,0.1471953,0.3154258,-0.9387998,-0.1384241,下半身,右足,,,0.92,0.08000004,0,0,False,0,0,0,0,0,0,0,0,0
-0.0953993,9.704639,0.558216,0.6756954,-0.729177,-0.1083348,下半身,右足,,,0.84,0.16,0,0,False,0,0,0,0,0,0,0,0,0
-0.1262974,9.689956,0.4423847,0.7026644,-0.6994525,-0.1304943,下半身,右足,,,0.79,0.21,0,0,False,0,0,0,0,0,0,0,0,0
-0.1580814,9.619601,0.7164413,0.5341818,-0.84062,-0.08948606,下半身,右足,,,0.81,0.19,0,0,False,0,0,0,0,0,0,0,0,0
-0.2278392,9.583604,0.8965077,0.1057671,-0.994051,0.02599948,下半身,右足,,,0.74,0.26,0,0,False,0,0,0,0,0,0,0,0,0
-0.1765765,9.616337,0.9777173,0.4333345,-0.8734204,0.2221661,下半身,右足,,,0.84,0.16,0,0,False,0,0,0,0,0,0,0,0,0
-0.1321367,9.65979,0.675709,0.7178792,-0.695518,-0.03006813,下半身,右足,,,0.89,0.11,0,0,False,0,0,0,0,0,0,0,0,0
-0.2826609,9.579584,0.8935801,0.3163109,-0.4660705,0.8262722,下半身,右足,,,0.58,0.42,0,0,False,0,0,0,0,0,0,0,0,0
-0.1824881,9.597456,0.8382583,0.557609,0.8063801,0.1970363,右足,下半身,,,0.56,0.44,0,0,False,0,0,0,0,0,0,0,0,0
-0.07590355,9.571865,0.5260553,0.9695382,0.2246512,0.09760972,右足,下半身,,,0.51,0.49,0,0,False,0,0,0,0,0,0,0,0,0
-0.08448401,9.566373,0.2115868,0.9787701,0.1722498,-0.1110811,右足,下半身,,,0.5,0.5,0,0,False,0,0,0,0,0,0,0,0,0
-0.1942589,9.791327,-0.007394221,0.6932198,-0.6841894,-0.2265632,下半身,右足,,,0.83,0.17,0,0,False,0,0,0,0,0,0,0,0,0
-0.1493164,9.815473,-0.2649488,-0.1096669,-0.9661113,-0.2336707,下半身,右足,,,0.92,0.08000004,0,0,False,0,0,0,0,0,0,0,0,0
-0.255976,9.855378,-0.2766388,0.6057842,-0.6917156,-0.3931349,下半身,右足,,,0.83,0.17,0,0,False,0,0,0,0,0,0,0,0,0
-0.1913199,9.635436,-0.1799044,0.9693051,0.0846032,-0.230846,下半身,右足,,,0.53,0.47,0,0,False,0,0,0,0,0,0,0,0,0
-0.3132087,9.941605,-0.5133659,0.6108341,-0.4886461,-0.622982,下半身,右足,,,0.8,0.2,0,0,False,0,0,0,0,0,0,0,0,0
-0.2891577,9.776889,-0.4774614,0.9464001,0.0164161,-0.3225791,下半身,右足,,,0.54,0.46,0,0,False,0,0,0,0,0,0,0,0,0
-0.3962915,10.04509,-0.6884329,0.7289303,-0.05380746,-0.68247,下半身,右足,,,0.55,0.45,0,0,False,0,0,0,0,0,0,0,0,0
-0.4042004,10.23924,-0.6659796,0.3233412,-0.3807127,-0.8663188,下半身,右足,,,0.78,0.22,0,0,False,0,0,0,0,0,0,0,0,0
-0.1867998,10.07315,-0.7176698,-0.3257543,-0.6471123,-0.6892966,下半身,右足,,,0.89,0.11,0,0,False,0,0,0,0,0,0,0,0,0
-0.1663095,9.913424,-0.4812582,-0.1786748,-0.883261,-0.4335036,下半身,右足,,,0.89,0.11,0,0,False,0,0,0,0,0,0,0,0,0
-0.05894453,9.798903,-0.221589,-0.1731072,-0.9644759,-0.1995498,下半身,右足,,,0.95,0.05000001,0,0,False,0,0,0,0,0,0,0,0,0
-0.06988604,9.879058,-0.4439378,-0.1489024,-0.9043193,-0.4000433,下半身,右足,,,0.95,0.05000001,0,0,False,0,0,0,0,0,0,0,0,0
-0.08057427,10.01121,-0.7054203,-0.152837,-0.7158288,-0.681344,下半身,右足,,,0.95,0.05000001,0,0,False,0,0,0,0,0,0,0,0,0
-0.5986955,10.4382,-0.8833096,0.4785972,-0.2091482,-0.8527612,下半身,右足,,,0.68,0.32,0,0,False,0,0,0,0,0,0,0,0,0
-0.6226329,10.48448,-0.9066012,0.1256206,-0.298609,-0.9460719,下半身,右足,,,0.7,0.3,0,0,False,0,0,0,0,0,0,0,0,0
-0.375241,10.59616,-1.013592,-0.2005331,-0.4565213,-0.8668187,下半身,右足,,,0.89,0.11,0,0,False,0,0,0,0,0,0,0,0,0
-0.1534198,10.49435,-1.004351,-0.06135892,-0.4226414,-0.9042175,下半身,右足,,,0.96,0.04000002,0,0,False,0,0,0,0,0,0,0,0,0
-1.516898E-07,10.45531,-0.9720958,0.02154117,-0.4564104,-0.8895085,下半身,下半身,,,1,0,0,0,False,0,0,0,0,0,0,0,0,0
0.006461225,9.99993,-0.7090581,-0.160975,-0.7766259,-0.6090477,下半身,右足,,,0.95,0.05000001,0,0,False,0,0,0,0,0,0,0,0,0
0.006064936,9.861392,-0.4487143,-0.2239064,-0.9042667,-0.3635489,下半身,右足,,,0.96,0.04000002,0,0,False,0,0,0,0,0,0,0,0,0
-1.924224E-08,9.784414,-0.2215752,-0.2117119,-0.9579155,-0.1938451,下半身,下半身,,,1,0,0,0,False,0,0,0,0,0,0,0,0,0
-1.563743E-08,9.754537,0.184817,-0.2175131,-0.9735672,-0.06967596,下半身,下半身,,,1,0,0,0,False,0,0,0,0,0,0,0,0,0
-0.1099694,9.730753,1.082918,0.5788936,-0.6058054,0.5457855,下半身,右足,,,0.93,0.06999999,0,0,False,0,0,0,0,0,0,0,0,0
-0.2681435,9.794268,1.272839,0.3762655,-0.5876384,0.7163137,下半身,右足,,,0.88,0.12,0,0,False,0,0,0,0,0,0,0,0,0
-0.2025974,9.655539,1.08155,0.4452749,-0.7375842,0.5076415,下半身,右足,,,0.88,0.12,0,0,False,0,0,0,0,0,0,0,0,0
-0.3165966,9.677597,1.189438,0.1978263,-0.8000272,0.5664107,下半身,右足,,,0.84,0.16,0,0,False,0,0,0,0,0,0,0,0,0
-0.1735772,10.30451,1.477609,0.2934124,-0.1865635,0.9376051,下半身,右足,,,0.93,0.06999999,0,0,False,0,0,0,0,0,0,0,0,0
-0.2768202,10.12232,1.455358,0.194999,-0.3037101,0.9325961,下半身,右足,,,0.92,0.08000004,0,0,False,0,0,0,0,0,0,0,0,0
-0.1551888,10.09232,1.402468,0.33918,-0.3925871,0.8548873,下半身,右足,,,0.93,0.06999999,0,0,False,0,0,0,0,0,0,0,0,0
-0.4152047,9.985159,1.424349,0.1038075,-0.4083312,0.9069121,下半身,右足,,,0.87,0.13,0,0,False,0,0,0,0,0,0,0,0,0
-0.156786,9.875828,1.280829,0.4666739,-0.5163615,0.7180434,下半身,右足,,,0.89,0.11,0,0,False,0,0,0,0,0,0,0,0,0
-0.04249173,9.983599,1.238962,0.7526855,-0.3854301,0.5337678,下半身,右足,,,0.95,0.05000001,0,0,False,0,0,0,0,0,0,0,0,0
-0.02935869,9.793199,1.041784,0.7907202,-0.5328046,0.3014642,下半身,右足,,,0.97,0.03000003,0,0,False,0,0,0,0,0,0,0,0,0
-0.1037553,9.695608,1.029857,0.6888587,-0.7005445,0.1863089,下半身,右足,,,0.91,0.09000003,0,0,False,0,0,0,0,0,0,0,0,0
-0.1765765,9.616337,0.9777173,0.4333345,-0.8734204,0.2221661,下半身,右足,,,0.84,0.16,0,0,False,0,0,0,0,0,0,0,0,0
-0.2826609,9.579584,0.8935801,0.3163109,-0.4660705,0.8262722,下半身,右足,,,0.58,0.42,0,0,False,0,0,0,0,0,0,0,0,0
-0.2278392,9.583604,0.8965077,0.1057671,-0.994051,0.02599948,下半身,右足,,,0.74,0.26,0,0,False,0,0,0,0,0,0,0,0,0
-0.3476292,9.612325,1.019621,0.1285967,-0.9351026,0.3302212,下半身,右足,,,0.77,0.23,0,0,False,0,0,0,0,0,0,0,0,0
-0.1765765,9.616337,0.9777173,0.4333345,-0.8734204,0.2221661,下半身,右足,,,0.84,0.16,0,0,False,0,0,0,0,0,0,0,0,0
-0.3165966,9.677597,1.189438,0.1978263,-0.8000272,0.5664107,下半身,右足,,,0.84,0.16,0,0,False,0,0,0,0,0,0,0,0,0
-0.4384999,9.634232,1.127357,0.5658964,-0.5195678,0.6401646,下半身,右足,,,0.5,0.5,0,0,False,0,0,0,0,0,0,0,0,0
-0.4557775,9.666381,1.197797,-0.05386585,-0.872675,0.4853214,下半身,右足,,,0.6,0.4,0,0,False,0,0,0,0,0,0,0,0,0
-0.5062383,9.773028,1.307031,0.01683059,-0.6311565,0.7754729,下半身,右足,,,0.74,0.26,0,0,False,0,0,0,0,0,0,0,0,0
-0.3832077,9.79614,1.312161,0.1613776,-0.5603258,0.8123991,下半身,右足,,,0.84,0.16,0,0,False,0,0,0,0,0,0,0,0,0
-0.5352677,9.874961,1.369047,-0.04811875,-0.4722552,0.8801475,下半身,右足,,,0.83,0.17,0,0,False,0,0,0,0,0,0,0,0,0
-0.4152047,9.985159,1.424349,0.1038075,-0.4083312,0.9069121,下半身,右足,,,0.87,0.13,0,0,False,0,0,0,0,0,0,0,0,0
-0.2681435,9.794268,1.272839,0.3762655,-0.5876384,0.7163137,下半身,右足,,,0.88,0.12,0,0,False,0,0,0,0,0,0,0,0,0
-0.1424879,9.528815,-0.1602613,0.9653125,0.09921461,-0.2415121,右足,下半身,,,0.7,0.3,0,0,False,0,0,0,0,0,0,0,0,0
-0.1913199,9.635436,-0.1799044,0.9693051,0.0846032,-0.230846,下半身,右足,,,0.53,0.47,0,0,False,0,0,0,0,0,0,0,0,0
-0.03740798,9.423315,0.1076198,0.9816473,0.09841143,-0.1633512,右足,下半身,,,0.68,0.32,0,0,False,0,0,0,0,0,0,0,0,0
-0.08448401,9.566373,0.2115868,0.9787701,0.1722498,-0.1110811,右足,下半身,,,0.5,0.5,0,0,False,0,0,0,0,0,0,0,0,0
0.001181722,9.39025,0.5730133,0.9855626,0.1234026,0.115924,右足,下半身,,,0.68,0.32,0,0,False,0,0,0,0,0,0,0,0,0
-0.07590355,9.571865,0.5260553,0.9695382,0.2246512,0.09760972,右足,下半身,,,0.51,0.49,0,0,False,0,0,0,0,0,0,0,0,0
-0.1938588,9.544535,0.9720685,0.880567,0.2099164,0.4248963,右足,下半身,,,0.64,0.36,0,0,False,0,0,0,0,0,0,0,0,0
-0.1824881,9.597456,0.8382583,0.557609,0.8063801,0.1970363,右足,下半身,,,0.56,0.44,0,0,False,0,0,0,0,0,0,0,0,0
-0.4062593,9.624324,1.161905,0.5199814,0.6827117,0.513346,右足,下半身,,,0.57,0.43,0,0,False,0,0,0,0,0,0,0,0,0
-1.511816,9.954368,1.018476,-0.7201425,-0.1096051,0.685114,右足,下半身,,,0.72,0.28,0,0,False,0,0,0,0,0,0,0,0,0
-1.354403,10.03154,1.139822,-0.4871533,0.02002655,0.8730869,右足,下半身,,,0.58,0.42,0,0,False,0,0,0,0,0,0,0,0,0
-1.269211,9.636529,1.196835,-0.5424857,0.00697049,0.8400361,右足,下半身,,,0.75,0.25,0,0,False,0,0,0,0,0,0,0,0,0
-0.8951808,9.85162,1.262715,-0.01213201,0.1790882,0.9837582,右足,下半身,,,0.56,0.44,0,0,False,0,0,0,0,0,0,0,0,0
-0.6949813,9.777389,1.282501,-0.2442753,-0.5534721,0.79624,下半身,右足,,,0.67,0.33,0,0,False,0,0,0,0,0,0,0,0,0
-0.8410264,9.828445,1.239303,0.09258673,0.4510749,0.8876706,下半身,右足,,,0.63,0.37,0,0,False,0,0,0,0,0,0,0,0,0
-1.016551,9.907541,1.238998,-0.1149532,0.1757458,0.977701,下半身,右足,,,0.55,0.45,0,0,False,0,0,0,0,0,0,0,0,0
-1.186082,9.966477,1.176999,-0.3873301,-0.09110753,0.9174284,下半身,右足,,,0.56,0.44,0,0,False,0,0,0,0,0,0,0,0,0
-1.363714,10.11816,1.148714,-0.5485761,-0.1824535,0.8159503,下半身,右足,,,0.52,0.48,0,0,False,0,0,0,0,0,0,0,0,0
-1.517506,10.21636,1.053997,-0.6553943,-0.2397125,0.7162375,右足,下半身,,,0.53,0.47,0,0,False,0,0,0,0,0,0,0,0,0
-0.4062593,9.624324,1.161905,0.5199814,0.6827117,0.513346,右足,下半身,,,0.57,0.43,0,0,False,0,0,0,0,0,0,0,0,0
-0.4384999,9.634232,1.127357,0.5658964,-0.5195678,0.6401646,下半身,右足,,,0.5,0.5,0,0,False,0,0,0,0,0,0,0,0,0
-0.4557775,9.666381,1.197797,-0.05386585,-0.872675,0.4853214,下半身,右足,,,0.6,0.4,0,0,False,0,0,0,0,0,0,0,0,0
-0.5062383,9.773028,1.307031,0.01683059,-0.6311565,0.7754729,下半身,右足,,,0.74,0.26,0,0,False,0,0,0,0,0,0,0,0,0
-0.5352677,9.874961,1.369047,-0.04811875,-0.4722552,0.8801475,下半身,右足,,,0.83,0.17,0,0,False,0,0,0,0,0,0,0,0,0
-0.7892289,9.959653,1.371739,-0.2227771,-0.4092975,0.8847858,下半身,右足,,,0.82,0.18,0,0,False,0,0,0,0,0,0,0,0,0
-0.4152047,9.985159,1.424349,0.1038075,-0.4083312,0.9069121,下半身,右足,,,0.87,0.13,0,0,False,0,0,0,0,0,0,0,0,0
-1.180931,12.7836,-0.134535,-0.8909853,0.3582028,0.2789908,下半身,下半身,,,1,0,0,0,False,0,0,0,0,0,0,0,0,0
-1.177678,12.60185,0.07432042,-0.6911961,0.523839,0.4978359,下半身,下半身,,,1,0,0,0,False,0,0,0,0,0,0,0,0,0
-1.437989,12.29049,-0.0174265,-0.8809426,0.4568366,0.1234521,下半身,下半身,,,1,0,0,0,False,0,0,0,0,0,0,0,0,0
-1.394926,12.18975,0.2545804,-0.6931899,0.5491166,0.4668604,下半身,下半身,,,1,0,0,0,False,0,0,0,0,0,0,0,0,0
-1.126259,12.4066,0.3159389,-0.558409,0.5300206,0.6381673,下半身,下半身,,,1,0,0,0,False,0,0,0,0,0,0,0,0,0
-0.8277109,12.79894,0.2615152,-0.4291575,0.3733451,0.822458,下半身,下半身,,,1,0,0,0,False,0,0,0,0,0,0,0,0,0
-0.5347966,12.70767,0.4080723,-0.1593349,0.4075827,0.8991599,下半身,下半身,,,1,0,0,0,False,0,0,0,0,0,0,0,0,0
-0.6865012,12.74646,0.3551492,-0.3454041,0.4074737,0.8453763,下半身,下半身,,,1,0,0,0,False,0,0,0,0,0,0,0,0,0
-0.9401506,12.22747,0.5589572,-0.3725671,0.5462863,0.7501765,下半身,下半身,,,1,0,0,0,False,0,0,0,0,0,0,0,0,0
-1.276406,12.00742,0.5617522,-0.5087283,0.5874717,0.6293427,下半身,下半身,,,1,0,0,0,False,0,0,0,0,0,0,0,0,0
-1.566223,11.75547,0.4866422,-0.7698476,0.5020077,0.3941102,下半身,右足,,,0.96,0.04000002,0,0,False,0,0,0,0,0,0,0,0,0
-1.437989,12.29049,-0.0174265,-0.8809426,0.4568366,0.1234521,下半身,下半身,,,1,0,0,0,False,0,0,0,0,0,0,0,0,0
-1.636686,11.83718,0.07022676,-0.8992177,0.4320865,0.06861976,下半身,右足,,,0.91,0.09000003,0,0,False,0,0,0,0,0,0,0,0,0
-1.384941,12.31184,-0.4109401,-0.9085627,0.3740771,-0.1859577,下半身,下半身,,,1,0,0,0,False,0,0,0,0,0,0,0,0,0
-1.569161,11.89892,-0.417257,-0.8860456,0.3806401,-0.2646435,下半身,右足,,,0.89,0.11,0,0,False,0,0,0,0,0,0,0,0,0
-1.816875,11.49672,0.1306746,-0.9359562,0.3512003,0.02537986,下半身,右足,,,0.79,0.21,0,0,False,0,0,0,0,0,0,0,0,0
-1.770861,11.44245,-0.4258415,-0.9046701,0.2627287,-0.335478,下半身,右足,,,0.7,0.3,0,0,False,0,0,0,0,0,0,0,0,0
-1.823701,11.25374,0.5605972,-0.8931676,0.3214098,0.3145591,下半身,右足,,,0.67,0.33,0,0,False,0,0,0,0,0,0,0,0,0
-1.658168,11.5731,0.5306653,-0.8165843,0.4528478,0.3579366,下半身,右足,,,0.87,0.13,0,0,False,0,0,0,0,0,0,0,0,0
-1.40911,11.65187,0.791638,-0.5814531,0.5269457,0.6198713,下半身,右足,,,0.95,0.05000001,0,0,False,0,0,0,0,0,0,0,0,0
-1.032562,11.67976,0.9778536,-0.3406354,0.5841918,0.7366732,下半身,下半身,,,1,0,0,0,False,0,0,0,0,0,0,0,0,0
-0.7032566,12.11359,0.7273517,-0.2186024,0.5571259,0.8011389,下半身,下半身,,,1,0,0,0,False,0,0,0,0,0,0,0,0,0
-0.5553241,12.05762,0.796269,-0.141603,0.5679103,0.8108184,下半身,下半身,,,1,0,0,0,False,0,0,0,0,0,0,0,0,0
-0.3534708,12.66632,0.4399085,-0.04520139,0.4152475,0.9085848,下半身,下半身,,,1,0,0,0,False,0,0,0,0,0,0,0,0,0
-0.3498101,12.0373,0.8518028,0.0237833,0.567213,0.8232277,下半身,下半身,,,1,0,0,0,False,0,0,0,0,0,0,0,0,0
-0.7235632,11.45454,1.239866,-0.2268381,0.5172595,0.8252193,下半身,下半身,,,1,0,0,0,False,0,0,0,0,0,0,0,0,0
-1.925389E-08,11.96677,0.8535553,0.0670232,0.5241071,0.8490109,下半身,下半身,,,1,0,0,0,False,0,0,0,0,0,0,0,0,0
-0.160055,12.00023,0.8460658,0.1609233,0.5298045,0.8327129,下半身,下半身,,,1,0,0,0,False,0,0,0,0,0,0,0,0,0
1.652222E-08,11.36197,1.20876,0.202231,0.3179784,0.9262787,下半身,下半身,,,1,0,0,0,False,0,0,0,0,0,0,0,0,0
-0.1339195,11.38361,1.224136,0.3921819,0.3930028,0.8317103,下半身,下半身,,,1,0,0,0,False,0,0,0,0,0,0,0,0,0
-0.3118988,11.40382,1.291803,0.1935559,0.4531674,0.8701583,下半身,下半身,,,1,0,0,0,False,0,0,0,0,0,0,0,0,0
-0.1781418,12.62501,0.4468037,0.06835219,0.4545632,0.8880879,下半身,下半身,,,1,0,0,0,False,0,0,0,0,0,0,0,0,0
-6.102403E-06,12.60074,0.4506266,0.0472707,0.3669731,0.9290297,下半身,下半身,,,1,0,0,0,False,0,0,0,0,0,0,0,0,0
-1.564931E-08,10.00811,1.079816,0.9845526,-0.1156568,0.1314511,下半身,下半身,,,1,0,0,0,False,0,0,0,0,0,0,0,0,0
-0.02935869,9.793199,1.041784,0.7907202,-0.5328046,0.3014642,下半身,右足,,,0.97,0.03000003,0,0,False,0,0,0,0,0,0,0,0,0
-0.008948876,10.01458,1.203165,0.9224211,-0.2237495,0.3147627,下半身,右足,,,0.97,0.03000003,0,0,False,0,0,0,0,0,0,0,0,0
-0.04249173,9.983599,1.238962,0.7526855,-0.3854301,0.5337678,下半身,右足,,,0.95,0.05000001,0,0,False,0,0,0,0,0,0,0,0,0
-0.03131792,10.12833,1.291607,0.8654005,-0.1873776,0.4647276,下半身,右足,,,0.97,0.03000003,0,0,False,0,0,0,0,0,0,0,0,0
-1.657236E-08,10.32273,1.2661,0.934945,-0.08073779,0.3454839,下半身,下半身,,,1,0,0,0,False,0,0,0,0,0,0,0,0,0
-0.01284958,10.12572,1.256521,0.915881,-0.1463452,0.3738248,下半身,右足,,,0.9899999,0.01000005,0,0,False,0,0,0,0,0,0,0,0,0
-1.564931E-08,10.00811,1.079816,0.9845526,-0.1156568,0.1314511,下半身,下半身,,,1,0,0,0,False,0,0,0,0,0,0,0,0,0
-0.008948876,10.01458,1.203165,0.9224211,-0.2237495,0.3147627,下半身,右足,,,0.97,0.03000003,0,0,False,0,0,0,0,0,0,0,0,0
-0.04249173,9.983599,1.238962,0.7526855,-0.3854301,0.5337678,下半身,右足,,,0.95,0.05000001,0,0,False,0,0,0,0,0,0,0,0,0
-1.284959E-08,9.854765,0.9347736,-0.80253,-0.2936564,0.5193375,下半身,下半身,,,1,0,0,0,False,0,0,0,0,0,0,0,0,0
0.0005731213,9.754695,0.9240237,-0.07760754,-0.4977637,0.8638335,下半身,右足,,,0.9899999,0.01000005,0,0,False,0,0,0,0,0,0,0,0,0
0.04613018,9.748959,0.9248895,-0.1280875,-0.8631011,0.4885181,下半身,左足,,,0.9899999,0.01000005,0,0,False,0,0,0,0,0,0,0,0,0
5.959587E-08,9.728209,0.8876997,0.03788351,-0.9315435,0.3616509,下半身,下半身,,,1,0,0,0,False,0,0,0,0,0,0,0,0,0
-5.777643E-06,11.93638,-1.21509,-0.4982601,0.1111447,-0.8598741,下半身,下半身,,,1,0,0,0,False,0,0,0,0,0,0,0,0,0
-5.766311E-06,11.954,-1.222747,-3.912925E-06,-0.2286285,-0.9735137,下半身,下半身,,,1,0,0,0,False,0,0,0,0,0,0,0,0,0
0.02434403,11.95399,-1.222831,-0.3520003,-0.01192278,-0.935924,下半身,下半身,,,1,0,0,0,False,0,0,0,0,0,0,0,0,0
-5.876014E-06,12.05876,-1.227235,-1.960409E-05,0.1217363,-0.9925625,下半身,下半身,,,1,0,0,0,False,0,0,0,0,0,0,0,0,0
0.02412859,12.05876,-1.227235,-0.598523,0.01902634,-0.8008797,下半身,下半身,,,1,0,0,0,False,0,0,0,0,0,0,0,0,0
-5.885957E-06,12.07778,-1.218019,-0.3285786,-0.05062912,-0.9431185,下半身,下半身,,,1,0,0,0,False,0,0,0,0,0,0,0,0,0
1.476348,8.278837,0.9820854,0.6760804,-0.076335,0.732863,左足,下半身,,,1,0,0,0,False,0,0,0,0,0,0,0,0,0
1.235982,8.883203,1.207539,0.4534391,-0.05854897,0.8893621,左足,下半身,,,0.93,0.06999999,0,0,False,0,0,0,0,0,0,0,0,0
0.7544668,8.770275,1.244218,-0.2147973,-0.1097045,0.9704777,左足,下半身,,,0.89,0.11,0,0,False,0,0,0,0,0,0,0,0,0
0.8200769,9.49232,1.289718,-0.09613605,0.001656553,0.9953668,左足,下半身,,,0.72,0.28,0,0,False,0,0,0,0,0,0,0,0,0
1.921066,8.413426,0.5154389,0.97315,-0.07458955,0.217751,左足,下半身,,,1,0,0,0,False,0,0,0,0,0,0,0,0,0
1.841262,8.37033,0.7038351,0.9045646,-0.07140505,0.4203145,左足,下半身,,,1,0,0,0,False,0,0,0,0,0,0,0,0,0
1.706239,8.320827,0.8398242,0.7454098,-0.07211069,0.6626946,左足,下半身,,,1,0,0,0,False,0,0,0,0,0,0,0,0,0
1.677928,9.035801,0.9106042,0.7769251,-0.01299899,0.6294587,左足,下半身,,,0.9899999,0.01000005,0,0,False,0,0,0,0,0,0,0,0,0
1.269115,9.636529,1.196834,0.5424892,0.006970703,0.8400338,左足,下半身,,,0.75,0.25,0,0,False,0,0,0,0,0,0,0,0,0
0.8950986,9.85162,1.262705,0.01213699,0.1790905,0.9837578,左足,下半身,,,0.57,0.43,0,0,False,0,0,0,0,0,0,0,0,0
0.4061877,9.624332,1.161907,-0.5199773,0.6827164,0.5133439,左足,下半身,,,0.57,0.43,0,0,False,0,0,0,0,0,0,0,0,0
1.951683,9.162697,0.517953,0.945866,-0.01157565,0.3243507,左足,下半身,,,1,0,0,0,False,0,0,0,0,0,0,0,0,0
1.667409,9.874384,0.8635114,0.8365812,-0.07152472,0.5431538,左足,下半身,,,0.91,0.09000003,0,0,False,0,0,0,0,0,0,0,0,0
1.511727,9.954368,1.018475,0.7201474,-0.1096048,0.685109,左足,下半身,,,0.72,0.28,0,0,False,0,0,0,0,0,0,0,0,0
1.693685,10.20374,0.9225324,0.7664554,-0.2073056,0.607923,左足,下半身,,,0.69,0.31,0,0,False,0,0,0,0,0,0,0,0,0
1.778115,10.17739,0.7562594,0.8734351,-0.2613572,0.4108571,左足,下半身,,,0.83,0.17,0,0,False,0,0,0,0,0,0,0,0,0
1.939316,10.20652,0.5592688,0.934186,-0.1093853,0.3396046,左足,下半身,,,0.9,0.1,0,0,False,0,0,0,0,0,0,0,0,0
1.80834,9.276271,-0.3302036,0.9127045,-0.123813,-0.3894107,左足,下半身,,,0.97,0.03000003,0,0,False,0,0,0,0,0,0,0,0,0
1.800439,9.87295,-0.5789933,0.8623788,-0.1172399,-0.4925015,左足,下半身,,,0.89,0.11,0,0,False,0,0,0,0,0,0,0,0,0
1.91451,9.817374,-0.3167257,0.9633255,-0.1026757,-0.2479148,左足,下半身,,,0.92,0.08000004,0,0,False,0,0,0,0,0,0,0,0,0
1.968667,10.35842,-0.3047078,0.9571682,-0.04714723,-0.2856678,左足,下半身,,,0.79,0.21,0,0,False,0,0,0,0,0,0,0,0,0
1.969433,9.979102,-0.1178881,0.9849818,-0.068322,-0.158565,左足,下半身,,,0.88,0.12,0,0,False,0,0,0,0,0,0,0,0,0
2.040848,10.33418,0.1270733,0.9990838,-0.04267471,-0.003245845,左足,下半身,,,0.81,0.19,0,0,False,0,0,0,0,0,0,0,0,0
2.025804,9.270847,0.2277497,0.9968956,-0.05532849,-0.05601694,左足,下半身,,,1,0,0,0,False,0,0,0,0,0,0,0,0,0
1.958131,8.467496,0.3703304,0.9948267,-0.08763476,0.05138092,左足,下半身,,,1,0,0,0,False,0,0,0,0,0,0,0,0,0
1.940367,8.490261,0.2048887,0.9731556,-0.09038946,-0.2116551,左足,下半身,,,1,0,0,0,False,0,0,0,0,0,0,0,0,0
1.446306,9.217962,-0.7654579,0.6679646,-0.1308267,-0.7326033,左足,下半身,,,0.95,0.05000001,0,0,False,0,0,0,0,0,0,0,0,0
1.540944,9.747293,-0.7635613,0.6909915,-0.1178088,-0.7131982,左足,下半身,,,0.91,0.09000003,0,0,False,0,0,0,0,0,0,0,0,0
1.683598,10.27685,-0.758078,0.7035666,-0.08450966,-0.7055865,左足,下半身,,,0.8,0.2,0,0,False,0,0,0,0,0,0,0,0,0
1.34431,9.63649,-0.8767105,0.5289283,-0.12131,-0.8399515,左足,下半身,,,0.91,0.09000003,0,0,False,0,0,0,0,0,0,0,0,0
1.136419,9.890213,-0.9923244,0.06463128,-0.07925846,-0.9947566,左足,下半身,,,0.89,0.11,0,0,False,0,0,0,0,0,0,0,0,0
1.05044,9.002115,-0.8819215,0.07534173,-0.1109845,-0.9909621,左足,下半身,,,0.98,0.02000004,0,0,False,0,0,0,0,0,0,0,0,0
1.093473,9.446394,-0.9327639,0.1360252,-0.1337693,-0.9816328,左足,下半身,,,0.94,0.06,0,0,False,0,0,0,0,0,0,0,0,0
0.8721043,9.304228,-0.8893008,-0.2136081,-0.1019788,-0.9715822,左足,下半身,,,0.96,0.04000002,0,0,False,0,0,0,0,0,0,0,0,0
0.6447981,8.744818,-0.8045272,-0.3617895,-0.06224809,-0.9301794,左足,下半身,,,0.98,0.02000004,0,0,False,0,0,0,0,0,0,0,0,0
0.6739393,9.238995,-0.8464813,-0.3070062,-0.08179787,-0.9481857,左足,下半身,,,0.95,0.05000001,0,0,False,0,0,0,0,0,0,0,0,0
0.6968649,9.607183,-0.8810297,-0.3656552,-0.03006405,-0.9302647,左足,下半身,,,0.91,0.09000003,0,0,False,0,0,0,0,0,0,0,0,0
0.3251185,9.157472,-0.720026,-0.6664092,-0.01349483,-0.745464,左足,下半身,,,0.91,0.09000003,0,0,False,0,0,0,0,0,0,0,0,0
0.2899461,8.575292,-0.6845065,-0.8010864,-0.04545401,-0.5968202,左足,下半身,,,0.97,0.03000003,0,0,False,0,0,0,0,0,0,0,0,0
0.105009,8.52246,-0.2522192,-0.9734854,-0.0196153,-0.2279066,左足,下半身,,,1,0,0,0,False,0,0,0,0,0,0,0,0,0
0.4884887,9.655911,-0.8024995,-0.6254412,0.04308352,-0.779081,左足,下半身,,,0.81,0.19,0,0,False,0,0,0,0,0,0,0,0,0
0.2671614,9.58389,-0.5940521,-0.9263286,0.07828524,-0.3684923,左足,下半身,,,0.72,0.28,0,0,False,0,0,0,0,0,0,0,0,0
0.129614,8.978196,-0.370425,-0.9606377,0.01410238,-0.2774462,左足,下半身,,,0.92,0.08000004,0,0,False,0,0,0,0,0,0,0,0,0
0.1423979,9.528814,-0.1602615,-0.9653128,0.09921381,-0.2415114,左足,下半身,,,0.7,0.3,0,0,False,0,0,0,0,0,0,0,0,0
0.1912595,9.635437,-0.1799044,-0.9693053,0.08460328,-0.2308452,下半身,左足,,,0.53,0.47,0,0,False,0,0,0,0,0,0,0,0,0
0.2890945,9.776888,-0.4774605,-0.9464008,0.01641651,-0.3225772,下半身,左足,,,0.54,0.46,0,0,False,0,0,0,0,0,0,0,0,0
0.3962239,10.04509,-0.6884301,-0.7289366,-0.0538069,-0.6824635,下半身,左足,,,0.55,0.45,0,0,False,0,0,0,0,0,0,0,0,0
0.7011415,10.23852,-0.861011,-0.418191,-0.01917332,-0.9081568,左足,下半身,,,0.71,0.29,0,0,False,0,0,0,0,0,0,0,0,0
0.03732208,9.423316,0.1076197,-0.9816473,0.09841166,-0.1633517,左足,下半身,,,0.68,0.32,0,0,False,0,0,0,0,0,0,0,0,0
0.001807132,8.944019,0.0922411,-0.9876568,-0.02166179,-0.1551284,左足,下半身,,,0.93,0.06999999,0,0,False,0,0,0,0,0,0,0,0,0
-0.04588605,8.921676,0.4352997,-0.9985549,-0.03804562,0.03795296,左足,下半身,,,0.92,0.08000004,0,0,False,0,0,0,0,0,0,0,0,0
-0.001269098,9.39025,0.5730134,-0.9855624,0.1234028,0.1159241,左足,下半身,,,0.68,0.32,0,0,False,0,0,0,0,0,0,0,0,0
0.0731524,8.982416,0.8082253,-0.9205779,-0.03613456,0.3888836,左足,下半身,,,0.86,0.14,0,0,False,0,0,0,0,0,0,0,0,0
0.1937787,9.544525,0.9720683,-0.8805661,0.2099163,0.4248985,左足,下半身,,,0.64,0.36,0,0,False,0,0,0,0,0,0,0,0,0
0.4061877,9.624332,1.161907,-0.5199773,0.6827164,0.5133439,左足,下半身,,,0.57,0.43,0,0,False,0,0,0,0,0,0,0,0,0
0.3278119,9.20384,1.098526,-0.648291,-0.05013889,0.75974,左足,下半身,,,0.82,0.18,0,0,False,0,0,0,0,0,0,0,0,0
0.2123979,8.61933,0.9790386,-0.7391614,-0.1069877,0.6649769,左足,下半身,,,0.94,0.06,0,0,False,0,0,0,0,0,0,0,0,0
0.03463766,8.540792,0.6713895,-0.9590133,-0.09009285,0.2686571,左足,下半身,,,1,0,0,0,False,0,0,0,0,0,0,0,0,0
0.001842349,8.518126,0.1999461,-0.997287,-0.06169155,-0.04016016,左足,下半身,,,1,0,0,0,False,0,0,0,0,0,0,0,0,0
0.3278119,9.20384,1.098526,-0.648291,-0.05013889,0.75974,左足,下半身,,,0.82,0.18,0,0,False,0,0,0,0,0,0,0,0,0
0.2123979,8.61933,0.9790386,-0.7391614,-0.1069877,0.6649769,左足,下半身,,,0.94,0.06,0,0,False,0,0,0,0,0,0,0,0,0
-6.854545E-06,12.3546,-1.322358,0.1077395,-0.1164778,-0.9873322,下半身,上半身,,,0.88,0.12,0,0,False,0,0,0,0,0,0,0,0,0
-0.06455009,12.28338,-1.32173,0.3071764,-0.1172999,-0.9443957,下半身,上半身,,,0.89,0.11,0,0,False,0,0,0,0,0,0,0,0,0
-5.885957E-06,12.07778,-1.218019,0.3285798,-0.05062596,-0.9431184,下半身,下半身,,,1,0,0,0,False,0,0,0,0,0,0,0,0,0
-0.02414031,12.05876,-1.227235,0.5985223,0.01902806,-0.8008801,下半身,下半身,,,1,0,0,0,False,0,0,0,0,0,0,0,0,0
-0.09086257,12.06359,-1.323933,0.3269695,-0.05945773,-0.9431626,下半身,下半身,,,1,0,0,0,False,0,0,0,0,0,0,0,0,0
-0.3233327,12.28236,-1.319582,-0.1598413,-0.03788638,-0.9864153,下半身,上半身,,,0.93,0.06999999,0,0,False,0,0,0,0,0,0,0,0,0
-0.2428518,11.79275,-1.274539,-0.1301625,-0.1552874,-0.9792566,下半身,下半身,,,1,0,0,0,False,0,0,0,0,0,0,0,0,0
-0.06208075,11.87724,-1.304004,0.5787342,0.0415234,-0.8144584,下半身,下半身,,,1,0,0,0,False,0,0,0,0,0,0,0,0,0
-0.0243556,11.95399,-1.22283,0.3520021,-0.01192592,-0.9359232,下半身,下半身,,,1,0,0,0,False,0,0,0,0,0,0,0,0,0
-5.777643E-06,11.93638,-1.21509,0.4982644,0.1111409,-0.8598722,下半身,下半身,,,1,0,0,0,False,0,0,0,0,0,0,0,0,0
-5.053529E-06,11.79103,-1.267475,0.2886077,-0.06888677,-0.9549661,下半身,下半身,,,1,0,0,0,False,0,0,0,0,0,0,0,0,0
-4.102465E-06,11.65911,-1.266523,-0.01488916,-0.1300788,-0.9913918,下半身,下半身,,,1,0,0,0,False,0,0,0,0,0,0,0,0,0
-0.245237,11.00464,-1.145318,-0.103133,-0.2034784,-0.9736324,下半身,右足,,,0.98,0.02000004,0,0,False,0,0,0,0,0,0,0,0,0
-1.255208E-06,10.87111,-1.121598,0.01626321,-0.2719947,-0.9621612,下半身,下半身,,,1,0,0,0,False,0,0,0,0,0,0,0,0,0
-0.1534198,10.49435,-1.004351,-0.06135892,-0.4226414,-0.9042175,下半身,右足,,,0.96,0.04000002,0,0,False,0,0,0,0,0,0,0,0,0
-1.516898E-07,10.45531,-0.9720958,0.02154117,-0.4564104,-0.8895085,下半身,下半身,,,1,0,0,0,False,0,0,0,0,0,0,0,0,0
-0.9110006,12.68744,-1.077085,-0.7059209,0.05788179,-0.7059217,下半身,上半身,,,0.88,0.12,0,0,False,0,0,0,0,0,0,0,0,0
-1.026465,12.73634,-0.9330243,-0.8397877,0.05350403,-0.5402723,下半身,上半身,,,0.78,0.22,0,0,False,0,0,0,0,0,0,0,0,0
-1.123023,12.77321,-0.7204421,-0.9243381,0.1265274,-0.3599858,下半身,上半身,,,0.88,0.12,0,0,False,0,0,0,0,0,0,0,0,0
-1.178331,12.80602,-0.475929,-0.9827368,0.1620469,-0.08926949,下半身,上半身,,,0.95,0.05000001,0,0,False,0,0,0,0,0,0,0,0,0
-1.265039,12.23838,-0.7234306,-0.8097415,0.2957018,-0.5068324,下半身,右足,,,0.96,0.04000002,0,0,False,0,0,0,0,0,0,0,0,0
-1.403977,11.77056,-0.8032563,-0.7272634,0.2571296,-0.6363744,下半身,右足,,,0.86,0.14,0,0,False,0,0,0,0,0,0,0,0,0
-0.9585063,12.01123,-1.116681,-0.5894408,0.08590354,-0.803231,下半身,上半身,,,0.76,0.24,0,0,False,0,0,0,0,0,0,0,0,0
-1.091749,12.10685,-0.9634674,-0.7553599,0.2025854,-0.6232097,下半身,上半身,,,0.86,0.14,0,0,False,0,0,0,0,0,0,0,0,0
-1.146567,11.48035,-1.030567,-0.3522117,0.03062028,-0.9354191,下半身,右足,,,0.84,0.16,0,0,False,0,0,0,0,0,0,0,0,0
-0.7252832,11.93449,-1.189489,-0.2291195,-0.09102225,-0.9691331,下半身,上半身,,,0.79,0.21,0,0,False,0,0,0,0,0,0,0,0,0
-0.8712867,11.03851,-1.006151,-0.09171745,-0.137235,-0.9862831,下半身,右足,,,0.87,0.13,0,0,False,0,0,0,0,0,0,0,0,0
-0.450702,11.04664,-1.135185,-0.1966368,-0.2159338,-0.9564028,下半身,右足,,,0.93,0.06999999,0,0,False,0,0,0,0,0,0,0,0,0
-0.498952,11.84671,-1.228775,-0.2628956,-0.107742,-0.9587896,下半身,上半身,,,0.92,0.08000004,0,0,False,0,0,0,0,0,0,0,0,0
-1.594551,11.13576,-0.8339558,-0.7274496,0.1215855,-0.6753029,下半身,右足,,,0.6,0.4,0,0,False,0,0,0,0,0,0,0,0,0
-1.22032,10.86864,-1.043514,-0.1871754,0.003991802,-0.9823184,下半身,右足,,,0.57,0.43,0,0,False,0,0,0,0,0,0,0,0,0
-0.6226329,10.48448,-0.9066012,0.1256206,-0.298609,-0.9460719,下半身,右足,,,0.7,0.3,0,0,False,0,0,0,0,0,0,0,0,0
-0.375241,10.59616,-1.013592,-0.2005331,-0.4565213,-0.8668187,下半身,右足,,,0.89,0.11,0,0,False,0,0,0,0,0,0,0,0,0
-1.657236E-08,10.32273,1.2661,-0.9349458,-0.08073789,0.3454818,下半身,下半身,,,1,0,0,0,False,0,0,0,0,0,0,0,0,0
0.04871629,10.47622,1.436244,-0.814687,-0.04678286,0.5780109,下半身,左足,,,0.95,0.05000001,0,0,False,0,0,0,0,0,0,0,0,0
0.05402226,10.2664,1.404325,-0.7318183,-0.1690702,0.6601949,下半身,左足,,,0.94,0.06,0,0,False,0,0,0,0,0,0,0,0,0
0.1230575,10.50369,1.485296,-0.3956633,-0.03485686,0.9177338,下半身,左足,,,0.94,0.06,0,0,False,0,0,0,0,0,0,0,0,0
0.1735667,10.30451,1.477608,-0.2934142,-0.1865636,0.9376046,下半身,左足,,,0.93,0.06999999,0,0,False,0,0,0,0,0,0,0,0,0
0.07625243,10.11615,1.374485,-0.6288782,-0.3293362,0.7043082,下半身,左足,,,0.93,0.06999999,0,0,False,0,0,0,0,0,0,0,0,0
0.155177,10.09233,1.402469,-0.3391812,-0.3925871,0.8548868,下半身,左足,,,0.93,0.06999999,0,0,False,0,0,0,0,0,0,0,0,0
0.1567672,9.875828,1.280828,-0.4666763,-0.5163612,0.718042,下半身,左足,,,0.89,0.11,0,0,False,0,0,0,0,0,0,0,0,0
0.04247921,9.983599,1.23896,-0.7526882,-0.3854287,0.5337651,下半身,左足,,,0.95,0.05000001,0,0,False,0,0,0,0,0,0,0,0,0
0.03130864,10.12833,1.291606,-0.8654023,-0.187377,0.4647243,下半身,左足,,,0.97,0.03000003,0,0,False,0,0,0,0,0,0,0,0,0
0.06480774,9.727597,0.7796317,0.3490242,-0.9353146,0.05803981,下半身,左足,,,0.97,0.03000003,0,0,False,0,0,0,0,0,0,0,0,0
0.05401243,9.720201,0.7891366,0.4180039,-0.9035245,0.09442422,下半身,左足,,,0.98,0.02000004,0,0,False,0,0,0,0,0,0,0,0,0
0.06304486,9.733624,0.8166996,0.2485399,-0.9612837,0.1190009,下半身,左足,,,0.95,0.05000001,0,0,False,0,0,0,0,0,0,0,0,0
0.05518963,9.722949,0.8205388,0.4299081,-0.8941903,0.124911,下半身,左足,,,0.9899999,0.01000005,0,0,False,0,0,0,0,0,0,0,0,0
0.05481198,9.71655,0.7641905,0.343892,-0.9389396,0.01143147,下半身,下半身,,,1,0,0,0,False,0,0,0,0,0,0,0,0,0
0.04240125,9.717811,0.7956128,-0.0248574,-0.9952065,0.09458391,下半身,下半身,,,1,0,0,0,False,0,0,0,0,0,0,0,0,0
0.04090493,9.718997,0.8111123,-0.03662149,-0.9971554,0.06587747,下半身,下半身,,,1,0,0,0,False,0,0,0,0,0,0,0,0,0
0.04943627,9.726102,0.8534865,0.2977419,-0.9365909,0.1847896,下半身,左足,,,0.9899999,0.01000005,0,0,False,0,0,0,0,0,0,0,0,0
0.05800913,9.73508,0.8745213,0.2597599,-0.9405117,0.2190038,下半身,左足,,,0.9899999,0.01000005,0,0,False,0,0,0,0,0,0,0,0,0
0.03242667,9.72924,0.8767813,0.116676,-0.9659277,0.2310203,下半身,下半身,,,1,0,0,0,False,0,0,0,0,0,0,0,0,0
0.03156403,9.720273,0.8249096,-0.09417161,-0.9953406,0.02070498,下半身,下半身,,,1,0,0,0,False,0,0,0,0,0,0,0,0,0
-5.885957E-06,12.07778,-1.218019,0.3285798,-0.05062596,-0.9431184,下半身,下半身,,,1,0,0,0,False,0,0,0,0,0,0,0,0,0
-5.876014E-06,12.05876,-1.227235,1.871702E-05,0.1217394,-0.9925621,下半身,下半身,,,1,0,0,0,False,0,0,0,0,0,0,0,0,0
-0.02414031,12.05876,-1.227235,0.5985223,0.01902806,-0.8008801,下半身,下半身,,,1,0,0,0,False,0,0,0,0,0,0,0,0,0
-0.0243556,11.95399,-1.22283,0.3520021,-0.01192592,-0.9359232,下半身,下半身,,,1,0,0,0,False,0,0,0,0,0,0,0,0,0
-5.766311E-06,11.954,-1.222747,2.616056E-06,-0.2286385,-0.9735114,下半身,下半身,,,1,0,0,0,False,0,0,0,0,0,0,0,0,0
-5.777643E-06,11.93638,-1.21509,0.4982644,0.1111409,-0.8598722,下半身,下半身,,,1,0,0,0,False,0,0,0,0,0,0,0,0,0
-1.924224E-08,9.784414,-0.2215752,0.2117119,-0.9579161,-0.1938421,下半身,下半身,,,1,0,0,0,False,0,0,0,0,0,0,0,0,0
0.05892598,9.798903,-0.2215878,0.1731094,-0.9644757,-0.1995491,下半身,左足,,,0.95,0.05000001,0,0,False,0,0,0,0,0,0,0,0,0
0.006064936,9.861392,-0.4487143,0.2239064,-0.9042667,-0.3635489,下半身,右足,,,0.96,0.04000002,0,0,False,0,0,0,0,0,0,0,0,0
0.06987157,9.879058,-0.4439365,0.1489037,-0.9043194,-0.4000427,下半身,左足,,,0.95,0.05000001,0,0,False,0,0,0,0,0,0,0,0,0
0.006461225,9.99993,-0.7090581,0.160974,-0.7766261,-0.6090478,下半身,右足,,,0.95,0.05000001,0,0,False,0,0,0,0,0,0,0,0,0
0.08056051,10.01121,-0.7054189,0.1528383,-0.7158297,-0.6813428,下半身,左足,,,0.95,0.05000001,0,0,False,0,0,0,0,0,0,0,0,0
-1.516898E-07,10.45531,-0.9720958,-0.02154187,-0.4564104,-0.8895085,下半身,下半身,,,1,0,0,0,False,0,0,0,0,0,0,0,0,0
0.1534079,10.49435,-1.00435,0.0613594,-0.4226418,-0.9042173,下半身,左足,,,0.96,0.04000002,0,0,False,0,0,0,0,0,0,0,0,0
0.186774,10.07315,-0.7176672,0.3257591,-0.6471126,-0.6892941,下半身,左足,,,0.89,0.11,0,0,False,0,0,0,0,0,0,0,0,0
0.3752172,10.59614,-1.013587,0.2005362,-0.4565219,-0.8668177,下半身,左足,,,0.89,0.11,0,0,False,0,0,0,0,0,0,0,0,0
0.4041486,10.23924,-0.6659733,-0.3233591,-0.3807137,-0.8663116,下半身,左足,,,0.78,0.22,0,0,False,0,0,0,0,0,0,0,0,0
0.6225879,10.48449,-0.9065982,-0.1256264,-0.2986099,-0.9460709,下半身,左足,,,0.7,0.3,0,0,False,0,0,0,0,0,0,0,0,0
-5.777643E-06,11.93638,-1.21509,-0.4982601,0.1111447,-0.8598741,下半身,下半身,,,1,0,0,0,False,0,0,0,0,0,0,0,0,0
0.06207005,11.87724,-1.304005,-0.5787328,0.04152206,-0.8144595,下半身,下半身,,,1,0,0,0,False,0,0,0,0,0,0,0,0,0
-5.053529E-06,11.79103,-1.267475,-0.2886068,-0.06888781,-0.9549663,下半身,下半身,,,1,0,0,0,False,0,0,0,0,0,0,0,0,0
-4.102465E-06,11.65911,-1.266523,0.01488896,-0.1300787,-0.9913918,下半身,下半身,,,1,0,0,0,False,0,0,0,0,0,0,0,0,0
0.3233207,12.28235,-1.319582,0.1598409,-0.0378865,-0.9864153,下半身,上半身,,,0.93,0.06999999,0,0,False,0,0,0,0,0,0,0,0,0
0.09085076,12.06359,-1.323935,-0.3269697,-0.05945759,-0.9431625,下半身,下半身,,,1,0,0,0,False,0,0,0,0,0,0,0,0,0
0.02412859,12.05876,-1.227235,-0.598523,0.01902634,-0.8008797,下半身,下半身,,,1,0,0,0,False,0,0,0,0,0,0,0,0,0
0.02434403,11.95399,-1.222831,-0.3520003,-0.01192278,-0.935924,下半身,下半身,,,1,0,0,0,False,0,0,0,0,0,0,0,0,0
0.06453641,12.28338,-1.32173,-0.3071773,-0.1173,-0.9443956,下半身,上半身,,,0.89,0.11,0,0,False,0,0,0,0,0,0,0,0,0
-5.885957E-06,12.07778,-1.218019,-0.3285786,-0.05062912,-0.9431185,下半身,下半身,,,1,0,0,0,False,0,0,0,0,0,0,0,0,0
-6.854545E-06,12.3546,-1.322358,-0.1077405,-0.1164777,-0.9873322,下半身,上半身,,,0.88,0.12,0,0,False,0,0,0,0,0,0,0,0,0
-1.437989,12.29049,-0.0174265,-0.8809426,0.4568366,0.1234521,下半身,下半身,,,1,0,0,0,False,0,0,0,0,0,0,0,0,0
-1.180931,12.7836,-0.134535,-0.8909853,0.3582028,0.2789908,下半身,下半身,,,1,0,0,0,False,0,0,0,0,0,0,0,0,0
1.180919,12.7836,-0.134535,0.8909853,0.3582028,0.2789908,下半身,下半身,,,1,0,0,0,False,0,0,0,0,0,0,0,0,0
1.43798,12.29049,-0.01742657,0.8809423,0.4568369,0.1234532,下半身,下半身,,,1,0,0,0,False,0,0,0,0,0,0,0,0,0
-1.131409,11.43577,1.116351,-0.3730713,0.4940933,0.7852959,下半身,右足,,,0.93,0.06999999,0,0,False,0,0,0,0,0,0,0,0,0
-1.032562,11.67976,0.9778536,-0.3406354,0.5841918,0.7366732,下半身,下半身,,,1,0,0,0,False,0,0,0,0,0,0,0,0,0
-0.7235632,11.45454,1.239866,-0.2268381,0.5172595,0.8252193,下半身,下半身,,,1,0,0,0,False,0,0,0,0,0,0,0,0,0
-0.2793291,11.06609,1.424259,0.2057099,0.3284724,0.9218402,下半身,下半身,,,1,0,0,0,False,0,0,0,0,0,0,0,0,0
-0.4079196,11.07716,1.442668,0.133458,0.3270169,0.9355473,下半身,右足,,,0.9,0.1,0,0,False,0,0,0,0,0,0,0,0,0
-0.3118988,11.40382,1.291803,0.1935559,0.4531674,0.8701583,下半身,下半身,,,1,0,0,0,False,0,0,0,0,0,0,0,0,0
-0.5181662,11.09396,1.447256,0.02828009,0.365043,0.930561,下半身,右足,,,0.88,0.12,0,0,False,0,0,0,0,0,0,0,0,0
-0.5324326,11.43703,1.293427,-0.06672227,0.5160952,0.8539284,下半身,右足,,,0.94,0.06,0,0,False,0,0,0,0,0,0,0,0,0
-0.3498101,12.0373,0.8518028,0.0237833,0.567213,0.8232277,下半身,下半身,,,1,0,0,0,False,0,0,0,0,0,0,0,0,0
-0.5553241,12.05762,0.796269,-0.141603,0.5679103,0.8108184,下半身,下半身,,,1,0,0,0,False,0,0,0,0,0,0,0,0,0
-0.6475182,11.1097,1.433546,-0.164072,0.3643416,0.9166982,下半身,右足,,,0.86,0.14,0,0,False,0,0,0,0,0,0,0,0,0
-0.8637394,11.13765,1.356647,-0.29092,0.3747294,0.8803086,下半身,右足,,,0.83,0.17,0,0,False,0,0,0,0,0,0,0,0,0
0.07584693,9.571865,0.5260559,-0.9695374,0.2246534,0.09761182,左足,下半身,,,0.51,0.49,0,0,False,0,0,0,0,0,0,0,0,0
0.1824755,9.597467,0.8382668,-0.557583,0.8063955,0.1970464,左足,下半身,,,0.56,0.44,0,0,False,0,0,0,0,0,0,0,0,0
0.1262391,9.689956,0.4423836,-0.7026767,-0.6994411,-0.1304891,下半身,左足,,,0.79,0.21,0,0,False,0,0,0,0,0,0,0,0,0
0.2825137,9.579565,0.8935634,-0.3163028,-0.4661019,0.8262575,下半身,左足,,,0.58,0.42,0,0,False,0,0,0,0,0,0,0,0,0
0.07584693,9.571865,0.5260559,-0.9695374,0.2246534,0.09761182,左足,下半身,,,0.51,0.49,0,0,False,0,0,0,0,0,0,0,0,0
0.1937787,9.544525,0.9720683,-0.8805661,0.2099163,0.4248985,左足,下半身,,,0.64,0.36,0,0,False,0,0,0,0,0,0,0,0,0
0.1824755,9.597467,0.8382668,-0.557583,0.8063955,0.1970464,左足,下半身,,,0.56,0.44,0,0,False,0,0,0,0,0,0,0,0,0
0.4061877,9.624332,1.161907,-0.5199773,0.6827164,0.5133439,左足,下半身,,,0.57,0.43,0,0,False,0,0,0,0,0,0,0,0,0
0.2825137,9.579565,0.8935634,-0.3163028,-0.4661019,0.8262575,下半身,左足,,,0.58,0.42,0,0,False,0,0,0,0,0,0,0,0,0
-0.2432205,10.79884,1.496395,0.2477294,0.1841779,0.9511617,下半身,右足,,,0.9,0.1,0,0,False,0,0,0,0,0,0,0,0,0
-0.1892344,11.05664,1.402996,0.3002008,0.3479912,0.8881337,下半身,右足,,,0.94,0.06,0,0,False,0,0,0,0,0,0,0,0,0
-0.09244167,11.04468,1.373421,0.5899717,0.2970732,0.7507867,下半身,右足,,,0.95,0.05000001,0,0,False,0,0,0,0,0,0,0,0,0
-0.5181662,11.09396,1.447256,0.02828009,0.365043,0.930561,下半身,右足,,,0.88,0.12,0,0,False,0,0,0,0,0,0,0,0,0
-0.5009103,10.82086,1.532992,0.01772045,0.1952515,0.9805932,下半身,右足,,,0.75,0.25,0,0,False,0,0,0,0,0,0,0,0,0
-0.4079196,11.07716,1.442668,0.133458,0.3270169,0.9355473,下半身,右足,,,0.9,0.1,0,0,False,0,0,0,0,0,0,0,0,0
-0.2793291,11.06609,1.424259,0.2057099,0.3284724,0.9218402,下半身,下半身,,,1,0,0,0,False,0,0,0,0,0,0,0,0,0
-0.3118988,11.40382,1.291803,0.1935559,0.4531674,0.8701583,下半身,下半身,,,1,0,0,0,False,0,0,0,0,0,0,0,0,0
-0.1339195,11.38361,1.224136,0.3921819,0.3930028,0.8317103,下半身,下半身,,,1,0,0,0,False,0,0,0,0,0,0,0,0,0
-0.03122223,11.01301,1.256058,0.713208,0.1791284,0.6776778,下半身,下半身,,,1,0,0,0,False,0,0,0,0,0,0,0,0,0
-0.05320912,10.75858,1.431591,0.7650109,0.1141695,0.633817,下半身,右足,,,0.95,0.05000001,0,0,False,0,0,0,0,0,0,0,0,0
-0.123065,10.50369,1.485296,0.3956623,-0.03485687,0.9177343,下半身,右足,,,0.94,0.06,0,0,False,0,0,0,0,0,0,0,0,0
-0.1551888,10.09232,1.402468,0.33918,-0.3925871,0.8548873,下半身,右足,,,0.93,0.06999999,0,0,False,0,0,0,0,0,0,0,0,0
-0.07626458,10.11613,1.374485,0.6288767,-0.3293365,0.7043094,下半身,右足,,,0.93,0.06999999,0,0,False,0,0,0,0,0,0,0,0,0
-0.156786,9.875828,1.280829,0.4666739,-0.5163615,0.7180434,下半身,右足,,,0.89,0.11,0,0,False,0,0,0,0,0,0,0,0,0
-0.04249173,9.983599,1.238962,0.7526855,-0.3854301,0.5337678,下半身,右足,,,0.95,0.05000001,0,0,False,0,0,0,0,0,0,0,0,0
-0.03131792,10.12833,1.291607,0.8654005,-0.1873776,0.4647276,下半身,右足,,,0.97,0.03000003,0,0,False,0,0,0,0,0,0,0,0,0
-0.0540328,10.26641,1.404327,0.7318158,-0.1690715,0.6601971,下半身,右足,,,0.94,0.06,0,0,False,0,0,0,0,0,0,0,0,0
-0.1735772,10.30451,1.477609,0.2934124,-0.1865635,0.9376051,下半身,右足,,,0.93,0.06999999,0,0,False,0,0,0,0,0,0,0,0,0
-0.206352,10.52029,1.503817,0.2208843,-0.01541521,0.9751781,下半身,右足,,,0.9,0.1,0,0,False,0,0,0,0,0,0,0,0,0
-0.3283927,10.54529,1.531804,0.159063,-0.02305823,0.9869992,下半身,右足,,,0.86,0.14,0,0,False,0,0,0,0,0,0,0,0,0
-0.04872615,10.47621,1.436244,0.8146857,-0.04678294,0.5780126,下半身,右足,,,0.95,0.05000001,0,0,False,0,0,0,0,0,0,0,0,0
-1.657236E-08,10.32273,1.2661,0.934945,-0.08073779,0.3454839,下半身,下半身,,,1,0,0,0,False,0,0,0,0,0,0,0,0,0
-0.4707769,10.57473,1.548886,0.02805886,-0.02327948,0.9993352,下半身,右足,,,0.8,0.2,0,0,False,0,0,0,0,0,0,0,0,0
-0.5175977,10.2754,1.512089,0.01216826,-0.1856272,0.9825448,下半身,右足,,,0.8,0.2,0,0,False,0,0,0,0,0,0,0,0,0
-0.2768202,10.12232,1.455358,0.194999,-0.3037101,0.9325961,下半身,右足,,,0.92,0.08000004,0,0,False,0,0,0,0,0,0,0,0,0
-0.4152047,9.985159,1.424349,0.1038075,-0.4083312,0.9069121,下半身,右足,,,0.87,0.13,0,0,False,0,0,0,0,0,0,0,0,0
-0.6843622,10.61083,1.536455,-0.1547056,0.009191145,0.9879179,下半身,右足,,,0.79,0.21,0,0,False,0,0,0,0,0,0,0,0,0
-0.8508117,10.27132,1.471119,-0.2469334,-0.1930478,0.9496085,下半身,右足,,,0.72,0.28,0,0,False,0,0,0,0,0,0,0,0,0
-0.7892289,9.959653,1.371739,-0.2227771,-0.4092975,0.8847858,下半身,右足,,,0.82,0.18,0,0,False,0,0,0,0,0,0,0,0,0
-1.03288,10.07518,1.329843,-0.4188369,-0.4142487,0.8080679,下半身,右足,,,0.76,0.24,0,0,False,0,0,0,0,0,0,0,0,0
-1.116084,10.36509,1.392388,-0.4569199,-0.1634381,0.8743638,下半身,右足,,,0.75,0.25,0,0,False,0,0,0,0,0,0,0,0,0
-1.339881,10.22711,1.194859,-0.5725456,-0.2874392,0.7678347,下半身,右足,,,0.75,0.25,0,0,False,0,0,0,0,0,0,0,0,0
-1.308085,10.43491,1.295656,-0.5605989,-0.1683395,0.8107963,下半身,右足,,,0.74,0.26,0,0,False,0,0,0,0,0,0,0,0,0
-1.094856,10.63824,1.409256,-0.3871593,0.06683364,0.9195874,下半身,右足,,,0.75,0.25,0,0,False,0,0,0,0,0,0,0,0,0
-0.8443153,10.62502,1.492962,-0.2910407,0.04072315,0.9558435,下半身,右足,,,0.72,0.28,0,0,False,0,0,0,0,0,0,0,0,0
-0.7612965,10.85145,1.4886,-0.2647919,0.2245612,0.9377939,下半身,右足,,,0.68,0.32,0,0,False,0,0,0,0,0,0,0,0,0
-1.13236,10.842,1.359968,-0.3909079,0.225911,0.8922753,下半身,右足,,,0.74,0.26,0,0,False,0,0,0,0,0,0,0,0,0
-1.368305,10.60246,1.267344,-0.5501501,0.01474726,0.8349355,下半身,右足,,,0.74,0.26,0,0,False,0,0,0,0,0,0,0,0,0
-1.379495,10.87683,1.225495,-0.5669182,0.19086,0.801359,下半身,右足,,,0.75,0.25,0,0,False,0,0,0,0,0,0,0,0,0
-1.185376,11.16172,1.22957,-0.3958253,0.363199,0.8434505,下半身,右足,,,0.83,0.17,0,0,False,0,0,0,0,0,0,0,0,0
-0.8637394,11.13765,1.356647,-0.29092,0.3747294,0.8803086,下半身,右足,,,0.83,0.17,0,0,False,0,0,0,0,0,0,0,0,0
-0.6475182,11.1097,1.433546,-0.164072,0.3643416,0.9166982,下半身,右足,,,0.86,0.14,0,0,False,0,0,0,0,0,0,0,0,0
-1.364151,11.37587,1.008641,-0.5018291,0.4601645,0.7324043,下半身,右足,,,0.9,0.1,0,0,False,0,0,0,0,0,0,0,0,0
-1.4913,11.10226,1.062911,-0.6108896,0.3141465,0.7267226,下半身,右足,,,0.84,0.16,0,0,False,0,0,0,0,0,0,0,0,0
-1.472461,10.46586,1.182809,-0.6419854,-0.1521216,0.7514743,下半身,右足,,,0.74,0.26,0,0,False,0,0,0,0,0,0,0,0,0
-1.582677,10.65016,1.106138,-0.7133438,0.05319367,0.6987927,下半身,右足,,,0.72,0.28,0,0,False,0,0,0,0,0,0,0,0,0
-1.761204,11.01027,0.82817,-0.8203564,0.2006809,0.5354835,下半身,右足,,,0.7,0.3,0,0,False,0,0,0,0,0,0,0,0,0
-1.593556,11.35415,0.8369163,-0.7076691,0.4020929,0.5809695,下半身,右足,,,0.93,0.06999999,0,0,False,0,0,0,0,0,0,0,0,0
-1.40911,11.65187,0.791638,-0.5814531,0.5269457,0.6198713,下半身,右足,,,0.95,0.05000001,0,0,False,0,0,0,0,0,0,0,0,0
-1.658168,11.5731,0.5306653,-0.8165843,0.4528478,0.3579366,下半身,右足,,,0.87,0.13,0,0,False,0,0,0,0,0,0,0,0,0
-1.823701,11.25374,0.5605972,-0.8931676,0.3214098,0.3145591,下半身,右足,,,0.67,0.33,0,0,False,0,0,0,0,0,0,0,0,0
-0.0540328,10.26641,1.404327,0.7318158,-0.1690715,0.6601971,下半身,右足,,,0.94,0.06,0,0,False,0,0,0,0,0,0,0,0,0
-1.657236E-08,10.32273,1.2661,0.934945,-0.08073779,0.3454839,下半身,下半身,,,1,0,0,0,False,0,0,0,0,0,0,0,0,0
-0.03131792,10.12833,1.291607,0.8654005,-0.1873776,0.4647276,下半身,右足,,,0.97,0.03000003,0,0,False,0,0,0,0,0,0,0,0,0
-0.7892289,9.959653,1.371739,-0.2227771,-0.4092975,0.8847858,下半身,右足,,,0.82,0.18,0,0,False,0,0,0,0,0,0,0,0,0
-0.6949813,9.777389,1.282501,-0.2442753,-0.5534721,0.79624,下半身,右足,,,0.67,0.33,0,0,False,0,0,0,0,0,0,0,0,0
-1.03288,10.07518,1.329843,-0.4188369,-0.4142487,0.8080679,下半身,右足,,,0.76,0.24,0,0,False,0,0,0,0,0,0,0,0,0
-0.8410264,9.828445,1.239303,0.09258673,0.4510749,0.8876706,下半身,右足,,,0.63,0.37,0,0,False,0,0,0,0,0,0,0,0,0
-1.016551,9.907541,1.238998,-0.1149532,0.1757458,0.977701,下半身,右足,,,0.55,0.45,0,0,False,0,0,0,0,0,0,0,0,0
-1.186082,9.966477,1.176999,-0.3873301,-0.09110753,0.9174284,下半身,右足,,,0.56,0.44,0,0,False,0,0,0,0,0,0,0,0,0
-1.339881,10.22711,1.194859,-0.5725456,-0.2874392,0.7678347,下半身,右足,,,0.75,0.25,0,0,False,0,0,0,0,0,0,0,0,0
-1.363714,10.11816,1.148714,-0.5485761,-0.1824535,0.8159503,下半身,右足,,,0.52,0.48,0,0,False,0,0,0,0,0,0,0,0,0
-1.517506,10.21636,1.053997,-0.6553943,-0.2397125,0.7162375,右足,下半身,,,0.53,0.47,0,0,False,0,0,0,0,0,0,0,0,0
-1.633269,10.42376,1.03945,-0.7271608,-0.1449006,0.671,下半身,右足,,,0.6,0.4,0,0,False,0,0,0,0,0,0,0,0,0
-1.472461,10.46586,1.182809,-0.6419854,-0.1521216,0.7514743,下半身,右足,,,0.74,0.26,0,0,False,0,0,0,0,0,0,0,0,0
-0.775517,12.5989,-1.182409,-0.4658926,0.009811983,-0.8847868,下半身,上半身,,,0.89,0.11,0,0,False,0,0,0,0,0,0,0,0,0
-0.9110006,12.68744,-1.077085,-0.7059209,0.05788179,-0.7059217,下半身,上半身,,,0.88,0.12,0,0,False,0,0,0,0,0,0,0,0,0
-0.9585063,12.01123,-1.116681,-0.5894408,0.08590354,-0.803231,下半身,上半身,,,0.76,0.24,0,0,False,0,0,0,0,0,0,0,0,0
-0.7252832,11.93449,-1.189489,-0.2291195,-0.09102225,-0.9691331,下半身,上半身,,,0.79,0.21,0,0,False,0,0,0,0,0,0,0,0,0
-0.498952,11.84671,-1.228775,-0.2628956,-0.107742,-0.9587896,下半身,上半身,,,0.92,0.08000004,0,0,False,0,0,0,0,0,0,0,0,0
-0.5732719,12.43383,-1.263043,-0.3446037,-0.04979333,-0.9374267,下半身,上半身,,,0.84,0.16,0,0,False,0,0,0,0,0,0,0,0,0
-0.2428518,11.79275,-1.274539,-0.1301625,-0.1552874,-0.9792566,下半身,下半身,,,1,0,0,0,False,0,0,0,0,0,0,0,0,0
-0.3233327,12.28236,-1.319582,-0.1598413,-0.03788638,-0.9864153,下半身,上半身,,,0.93,0.06999999,0,0,False,0,0,0,0,0,0,0,0,0
-2.025922,9.270847,0.2277497,-0.9968956,-0.0553285,-0.05601702,右足,下半身,,,1,0,0,0,False,0,0,0,0,0,0,0,0,0
-1.808455,9.276271,-0.3302036,-0.9127046,-0.1238122,-0.3894108,右足,下半身,,,0.97,0.03000003,0,0,False,0,0,0,0,0,0,0,0,0
-1.914626,9.817374,-0.3167257,-0.9633255,-0.1026757,-0.2479148,右足,下半身,,,0.92,0.08000004,0,0,False,0,0,0,0,0,0,0,0,0
-1.800553,9.87295,-0.5789933,-0.8623791,-0.1172399,-0.4925008,右足,下半身,,,0.89,0.11,0,0,False,0,0,0,0,0,0,0,0,0
-1.344426,9.63649,-0.8767105,-0.5289292,-0.1213099,-0.839951,右足,下半身,,,0.91,0.09000003,0,0,False,0,0,0,0,0,0,0,0,0
-1.54106,9.747293,-0.7635613,-0.6909915,-0.1178089,-0.7131982,右足,下半身,,,0.91,0.09000003,0,0,False,0,0,0,0,0,0,0,0,0
-1.683701,10.27685,-0.758078,-0.7035666,-0.08450985,-0.7055865,右足,下半身,,,0.8,0.2,0,0,False,0,0,0,0,0,0,0,0,0
-1.96877,10.35842,-0.3047078,-0.957168,-0.04714755,-0.2856681,右足,下半身,,,0.79,0.21,0,0,False,0,0,0,0,0,0,0,0,0
-1.969547,9.979102,-0.1178871,-0.9849818,-0.06832226,-0.158565,右足,下半身,,,0.88,0.12,0,0,False,0,0,0,0,0,0,0,0,0
-2.040953,10.33418,0.1270733,-0.9990838,-0.0426749,-0.003245862,右足,下半身,,,0.81,0.19,0,0,False,0,0,0,0,0,0,0,0,0
-1.939433,10.20652,0.5592688,-0.9341863,-0.1093853,0.3396034,右足,下半身,,,0.9,0.1,0,0,False,0,0,0,0,0,0,0,0,0
-1.951802,9.162697,0.517953,-0.9458663,-0.01157579,0.3243499,右足,下半身,,,1,0,0,0,False,0,0,0,0,0,0,0,0,0
-1.667524,9.874383,0.8635123,-0.83658,-0.07152499,0.5431557,右足,下半身,,,0.91,0.09000003,0,0,False,0,0,0,0,0,0,0,0,0
-1.136535,9.890213,-0.9923244,-0.06463186,-0.07925846,-0.9947566,右足,下半身,,,0.89,0.11,0,0,False,0,0,0,0,0,0,0,0,0
-1.778223,10.17739,0.7562594,-0.8734353,-0.2613564,0.4108571,右足,下半身,,,0.83,0.17,0,0,False,0,0,0,0,0,0,0,0,0
-1.693769,10.20374,0.9225339,-0.7664508,-0.2073054,0.607929,右足,下半身,,,0.69,0.31,0,0,False,0,0,0,0,0,0,0,0,0
-1.511816,9.954368,1.018476,-0.7201425,-0.1096051,0.685114,右足,下半身,,,0.72,0.28,0,0,False,0,0,0,0,0,0,0,0,0
-1.269211,9.636529,1.196835,-0.5424857,0.00697049,0.8400361,右足,下半身,,,0.75,0.25,0,0,False,0,0,0,0,0,0,0,0,0
-1.921186,8.413426,0.5154389,-0.97315,-0.07458965,0.217751,右足,下半身,,,1,0,0,0,False,0,0,0,0,0,0,0,0,0
-1.841382,8.37033,0.7038351,-0.9045649,-0.07140512,0.4203138,右足,下半身,,,1,0,0,0,False,0,0,0,0,0,0,0,0,0
-1.678052,9.035801,0.9106042,-0.7769256,-0.01299904,0.6294582,右足,下半身,,,0.9899999,0.01000005,0,0,False,0,0,0,0,0,0,0,0,0
-1.706361,8.320827,0.8398242,-0.7454098,-0.07211069,0.6626946,右足,下半身,,,1,0,0,0,False,0,0,0,0,0,0,0,0,0
-1.236091,8.883193,1.207538,-0.4534376,-0.05854795,0.8893629,右足,下半身,,,0.93,0.06999999,0,0,False,0,0,0,0,0,0,0,0,0
-1.476466,8.278837,0.9820854,-0.6760814,-0.076336,0.7328619,右足,下半身,,,1,0,0,0,False,0,0,0,0,0,0,0,0,0
-1.446423,9.217962,-0.7654579,-0.6679646,-0.1308268,-0.7326033,右足,下半身,,,0.95,0.05000001,0,0,False,0,0,0,0,0,0,0,0,0
-1.940484,8.490261,0.2048887,-0.9731556,-0.09038946,-0.2116551,右足,下半身,,,1,0,0,0,False,0,0,0,0,0,0,0,0,0
-1.95825,8.467496,0.3703304,-0.9948267,-0.08763476,0.0513811,右足,下半身,,,1,0,0,0,False,0,0,0,0,0,0,0,0,0
-1.40911,11.65187,0.791638,-0.5814531,0.5269457,0.6198713,下半身,右足,,,0.95,0.05000001,0,0,False,0,0,0,0,0,0,0,0,0
-1.032562,11.67976,0.9778536,-0.3406354,0.5841918,0.7366732,下半身,下半身,,,1,0,0,0,False,0,0,0,0,0,0,0,0,0
-1.364151,11.37587,1.008641,-0.5018291,0.4601645,0.7324043,下半身,右足,,,0.9,0.1,0,0,False,0,0,0,0,0,0,0,0,0
-1.131409,11.43577,1.116351,-0.3730713,0.4940933,0.7852959,下半身,右足,,,0.93,0.06999999,0,0,False,0,0,0,0,0,0,0,0,0
-1.185376,11.16172,1.22957,-0.3958253,0.363199,0.8434505,下半身,右足,,,0.83,0.17,0,0,False,0,0,0,0,0,0,0,0,0
-0.7235632,11.45454,1.239866,-0.2268381,0.5172595,0.8252193,下半身,下半身,,,1,0,0,0,False,0,0,0,0,0,0,0,0,0
-0.8637394,11.13765,1.356647,-0.29092,0.3747294,0.8803086,下半身,右足,,,0.83,0.17,0,0,False,0,0,0,0,0,0,0,0,0
-0.03740798,9.423315,0.1076198,0.9816473,0.09841143,-0.1633512,右足,下半身,,,0.68,0.32,0,0,False,0,0,0,0,0,0,0,0,0
0.001181722,9.39025,0.5730133,0.9855626,0.1234026,0.115924,右足,下半身,,,0.68,0.32,0,0,False,0,0,0,0,0,0,0,0,0
0.04576983,8.921676,0.4352998,0.998555,-0.03804554,0.03795315,右足,下半身,,,0.92,0.08000004,0,0,False,0,0,0,0,0,0,0,0,0
-0.07326343,8.982416,0.8082254,0.9205779,-0.03613456,0.3888836,右足,下半身,,,0.86,0.14,0,0,False,0,0,0,0,0,0,0,0,0
-0.03475519,8.540792,0.6713895,0.9590133,-0.09009285,0.2686571,右足,下半身,,,1,0,0,0,False,0,0,0,0,0,0,0,0,0
-0.1938588,9.544535,0.9720685,0.880567,0.2099164,0.4248963,右足,下半身,,,0.64,0.36,0,0,False,0,0,0,0,0,0,0,0,0
-0.001926229,8.944037,0.09224128,0.9876566,-0.02166184,-0.1551293,右足,下半身,,,0.93,0.06999999,0,0,False,0,0,0,0,0,0,0,0,0
-0.001956506,8.518126,0.1999461,0.997287,-0.06169155,-0.04016016,右足,下半身,,,1,0,0,0,False,0,0,0,0,0,0,0,0,0
-0.2125061,8.619338,0.9790395,0.7391617,-0.1069877,0.6649764,右足,下半身,,,0.94,0.06,0,0,False,0,0,0,0,0,0,0,0,0
-0.3279163,9.20384,1.098526,0.6482905,-0.05013871,0.7597405,右足,下半身,,,0.82,0.18,0,0,False,0,0,0,0,0,0,0,0,0
-0.4062593,9.624324,1.161905,0.5199814,0.6827117,0.513346,右足,下半身,,,0.57,0.43,0,0,False,0,0,0,0,0,0,0,0,0
-0.105121,8.52246,-0.2522191,0.9734854,-0.01961528,-0.2279066,右足,下半身,,,1,0,0,0,False,0,0,0,0,0,0,0,0,0
-0.1297292,8.978197,-0.370425,0.9606376,0.01410239,-0.2774463,右足,下半身,,,0.92,0.08000004,0,0,False,0,0,0,0,0,0,0,0,0
-0.2900541,8.575292,-0.6845064,0.8010864,-0.04545401,-0.5968203,右足,下半身,,,0.97,0.03000003,0,0,False,0,0,0,0,0,0,0,0,0
-0.3252339,9.157471,-0.7200266,0.6664078,-0.01349478,-0.7454652,右足,下半身,,,0.91,0.09000003,0,0,False,0,0,0,0,0,0,0,0,0
-0.2672563,9.583899,-0.5940531,0.9263283,0.07828539,-0.3684931,右足,下半身,,,0.72,0.28,0,0,False,0,0,0,0,0,0,0,0,0
-0.4885999,9.65591,-0.8025017,0.6254362,0.04308356,-0.779085,右足,下半身,,,0.81,0.19,0,0,False,0,0,0,0,0,0,0,0,0
-0.6969849,9.607183,-0.8810311,0.3656531,-0.03006409,-0.9302655,右足,下半身,,,0.91,0.09000003,0,0,False,0,0,0,0,0,0,0,0,0
-0.7012427,10.23852,-0.8610165,0.4181814,-0.01917385,-0.9081611,右足,下半身,,,0.71,0.29,0,0,False,0,0,0,0,0,0,0,0,0
-0.3962915,10.04509,-0.6884329,0.7289303,-0.05380746,-0.68247,下半身,右足,,,0.55,0.45,0,0,False,0,0,0,0,0,0,0,0,0
-0.2891577,9.776889,-0.4774614,0.9464001,0.0164161,-0.3225791,下半身,右足,,,0.54,0.46,0,0,False,0,0,0,0,0,0,0,0,0
-0.1913199,9.635436,-0.1799044,0.9693051,0.0846032,-0.230846,下半身,右足,,,0.53,0.47,0,0,False,0,0,0,0,0,0,0,0,0
-0.1424879,9.528815,-0.1602613,0.9653125,0.09921461,-0.2415121,右足,下半身,,,0.7,0.3,0,0,False,0,0,0,0,0,0,0,0,0
-1.050556,9.002115,-0.8819215,-0.07534173,-0.1109845,-0.9909621,右足,下半身,,,0.98,0.02000004,0,0,False,0,0,0,0,0,0,0,0,0
-1.093592,9.446394,-0.9327639,-0.1360252,-0.1337693,-0.9816328,右足,下半身,,,0.94,0.06,0,0,False,0,0,0,0,0,0,0,0,0
-0.8722274,9.304228,-0.8893008,0.2136081,-0.1019787,-0.9715822,右足,下半身,,,0.96,0.04000002,0,0,False,0,0,0,0,0,0,0,0,0
-0.6740589,9.238976,-0.8464803,0.3070044,-0.08179779,-0.9481863,右足,下半身,,,0.95,0.05000001,0,0,False,0,0,0,0,0,0,0,0,0
-0.6449104,8.744818,-0.8045274,0.361789,-0.0622481,-0.9301795,右足,下半身,,,0.98,0.02000004,0,0,False,0,0,0,0,0,0,0,0,0
-0.05481198,9.71655,0.7641905,-0.3438919,-0.9389394,0.0114477,下半身,下半身,,,1,0,0,0,False,0,0,0,0,0,0,0,0,0
-0.06487629,9.727596,0.7796381,-0.3490035,-0.9353219,0.05804751,下半身,右足,,,0.97,0.03000003,0,0,False,0,0,0,0,0,0,0,0,0
-0.05404443,9.720201,0.7891397,-0.417993,-0.9035295,0.09442481,下半身,右足,,,0.98,0.02000004,0,0,False,0,0,0,0,0,0,0,0,0
-0.0631026,9.733614,0.8167042,-0.2485088,-0.9612914,0.1190044,下半身,右足,,,0.95,0.05000001,0,0,False,0,0,0,0,0,0,0,0,0
-0.05523064,9.72294,0.8205422,-0.4298963,-0.8941938,0.1249263,下半身,右足,,,0.9899999,0.01000005,0,0,False,0,0,0,0,0,0,0,0,0
-0.04943612,9.726092,0.8534856,-0.2977488,-0.93659,0.1847835,下半身,右足,,,0.9899999,0.01000005,0,0,False,0,0,0,0,0,0,0,0,0
-0.05804778,9.73509,0.8745265,-0.2597397,-0.9405175,0.2190026,下半身,右足,,,0.9899999,0.01000005,0,0,False,0,0,0,0,0,0,0,0,0
-0.03242667,9.72924,0.8767813,-0.116684,-0.9659286,0.2310124,下半身,下半身,,,1,0,0,0,False,0,0,0,0,0,0,0,0,0
-0.3279163,9.20384,1.098526,0.6482905,-0.05013871,0.7597405,右足,下半身,,,0.82,0.18,0,0,False,0,0,0,0,0,0,0,0,0
-0.7545772,8.770275,1.244219,0.2147971,-0.1097035,0.9704779,右足,下半身,,,0.89,0.11,0,0,False,0,0,0,0,0,0,0,0,0
-0.2125061,8.619338,0.9790395,0.7391617,-0.1069877,0.6649764,右足,下半身,,,0.94,0.06,0,0,False,0,0,0,0,0,0,0,0,0
-0.820172,9.492329,1.289721,0.09613544,0.001656498,0.9953669,右足,下半身,,,0.72,0.28,0,0,False,0,0,0,0,0,0,0,0,0
-0.8951808,9.85162,1.262715,-0.01213201,0.1790882,0.9837582,右足,下半身,,,0.56,0.44,0,0,False,0,0,0,0,0,0,0,0,0
-0.4062593,9.624324,1.161905,0.5199814,0.6827117,0.513346,右足,下半身,,,0.57,0.43,0,0,False,0,0,0,0,0,0,0,0,0
-0.01915102,9.721123,0.8353544,0.0783565,-0.9956445,-0.05052022,下半身,下半身,,,1,0,0,0,False,0,0,0,0,0,0,0,0,0
-0.03242667,9.72924,0.8767813,-0.116684,-0.9659286,0.2310124,下半身,下半身,,,1,0,0,0,False,0,0,0,0,0,0,0,0,0
-0.03156404,9.720273,0.8249096,0.09416191,-0.9953403,0.02076625,下半身,下半身,,,1,0,0,0,False,0,0,0,0,0,0,0,0,0
-0.04943612,9.726092,0.8534856,-0.2977488,-0.93659,0.1847835,下半身,右足,,,0.9899999,0.01000005,0,0,False,0,0,0,0,0,0,0,0,0
-0.04090492,9.718996,0.8111122,0.03660451,-0.9971551,0.06589148,下半身,下半身,,,1,0,0,0,False,0,0,0,0,0,0,0,0,0
-0.05523064,9.72294,0.8205422,-0.4298963,-0.8941938,0.1249263,下半身,右足,,,0.9899999,0.01000005,0,0,False,0,0,0,0,0,0,0,0,0
-0.05404443,9.720201,0.7891397,-0.417993,-0.9035295,0.09442481,下半身,右足,,,0.98,0.02000004,0,0,False,0,0,0,0,0,0,0,0,0
-0.04240126,9.717811,0.7956128,0.02485662,-0.995208,0.094568,下半身,下半身,,,1,0,0,0,False,0,0,0,0,0,0,0,0,0
-0.05481198,9.71655,0.7641905,-0.3438919,-0.9389394,0.0114477,下半身,下半身,,,1,0,0,0,False,0,0,0,0,0,0,0,0,0
-0.04026156,9.716748,0.7825124,0.124176,-0.9871089,0.1009762,下半身,下半身,,,1,0,0,0,False,0,0,0,0,0,0,0,0,0
-0.04833394,9.717242,0.7404466,-0.2457761,-0.9662265,-0.07746181,下半身,下半身,,,1,0,0,0,False,0,0,0,0,0,0,0,0,0
-0.03102241,9.715863,0.7727675,0.06386818,-0.9826621,0.1740571,下半身,下半身,,,1,0,0,0,False,0,0,0,0,0,0,0,0,0
-0.03004919,9.715066,0.7178012,-0.138589,-0.9863771,-0.0886185,下半身,下半身,,,1,0,0,0,False,0,0,0,0,0,0,0,0,0
-0.0183563,9.714972,0.7638878,0.07064451,-0.9692346,0.235783,下半身,下半身,,,1,0,0,0,False,0,0,0,0,0,0,0,0,0
